0.035570
0.149197
0.126013
0.118964
0.060235
0.117381
0.054313
-0.021702
0.005976
0.005406
0.155875
0.009557
0.059397
-0.075441
-0.083048
-0.077025
0.148525
0.086316
-0.039409
0.125460
0.097296
0.232067
0.174358
-0.029639
0.110409
0.146725
0.030881
-0.005454
-0.015284
0.135526
0.211959
0.096904
0.236195
0.041023
0.065815
0.135205
0.253686
0.256533
0.077396
0.151601
0.089313
0.145483
0.074398
0.293743
0.152552
0.093255
0.068653
0.334708
0.167321
0.091679
0.287708
0.188861
0.332423
0.114055
0.117827
0.133667
0.149675
0.307306
0.309350
0.225836
0.379415
0.232377
0.346399
0.125045
0.277723
0.131625
0.158515
0.396882
0.178443
0.374904
0.278271
0.184272
0.374865
0.399832
0.251021
0.466501
0.241430
0.475950
0.190235
0.485766
0.455966
0.239188
0.426619
0.344641
0.345262
0.469169
0.304972
0.502684
0.277335
0.238605
0.374802
0.435345
0.494072
0.365769
0.335102
0.465703
0.388560
0.371125
0.454873
0.432343
0.563016
0.427506
0.474010
0.398723
0.525479
0.542942
0.539841
0.354610
0.466061
0.393347
0.547336
0.480213
0.592824
0.443090
0.462787
0.472326
0.559985
0.369773
0.619484
0.455252
0.418205
0.431147
0.476299
0.460855
0.627473
0.554239
0.594848
0.504507
0.572077
0.438008
0.548594
0.667039
0.395380
0.621572
0.595274
0.658057
0.619344
0.438777
0.428312
0.661121
0.683870
0.433235
0.538563
0.485806
0.471009
0.515307
0.452323
0.612816
0.613501
0.656033
0.680826
0.624324
0.654500
0.629799
0.597785
0.517986
0.665811
0.680205
0.576620
0.770064
0.494424
0.754256
0.515309
0.624587
0.669699
0.740318
0.725425
0.640191
0.679279
0.605283
0.603557
0.587289
0.714715
0.748000
0.589956
0.603968
0.844246
0.710794
0.657764
0.704318
0.639637
0.599389
0.668048
0.605456
0.753848
0.594143
0.619835
0.722271
0.671866
0.663054
0.741567
0.713074
0.737642
0.764240
0.655949
0.883683
0.669429
0.813928
0.650317
0.798298
0.706584
0.816312
0.632607
0.870100
0.797255
0.902403
0.773999
0.807836
0.669959
0.916744
0.736175
0.679737
0.842636
0.669793
0.687834
0.672061
0.836199
0.691400
0.949150
0.904586
0.910146
0.701417
0.800211
0.871574
0.908413
0.957457
0.699460
0.895236
0.902957
0.695853
0.888023
0.884277
0.850113
0.886208
0.840771
0.791515
0.889296
0.930561
0.963395
0.867288
0.874296
0.836632
0.818408
0.802006
0.936538
0.760815
0.911204
0.920776
0.766723
0.867255
0.795805
0.839607
0.939288
0.848586
0.971685
0.769262
0.834804
0.804982
0.801007
0.895101
0.951400
0.780574
1.016061
0.901759
0.915724
0.771923
0.979010
0.845549
1.044262
0.905535
0.815296
1.049543
0.788729
0.873643
0.859091
0.791853
0.805333
0.801495
0.860951
0.846624
1.027081
0.997987
1.046321
0.817079
1.021195
0.867589
0.846975
1.027279
0.952907
0.867943
1.088614
0.868308
1.027521
0.811246
1.009766
1.073542
0.905637
1.091532
0.823551
0.842240
1.106324
0.839959
0.996976
1.092944
1.019592
1.055585
0.958147
1.061032
1.120604
0.892598
0.881574
1.114190
0.849942
1.103446
0.898706
1.107903
0.862873
0.916240
0.939454
0.847700
1.053466
0.988536
0.907029
1.032039
1.000518
1.115094
0.894476
0.966217
0.886711
0.886081
0.943975
1.039585
0.950208
1.067865
0.905939
1.035325
0.995512
1.110037
1.025629
1.127715
1.131120
1.063269
0.908250
1.056105
1.002508
0.948912
0.895528
0.869153
1.025947
0.902866
1.045023
1.128301
1.015939
1.057379
0.980612
0.874820
0.986609
0.866148
0.947020
1.016611
0.856007
1.090283
1.120738
1.078467
1.108029
1.149499
0.880055
1.069957
0.915079
1.097615
1.023757
1.020101
1.024632
1.070140
1.061982
1.014299
1.130997
0.965677
0.873761
0.939262
1.065520
0.979963
1.120855
0.938266
0.933924
0.871988
0.938616
1.133150
0.936787
0.899193
0.967272
0.945464
0.852928
0.879825
1.003347
1.036828
1.049034
1.047179
1.120165
1.117563
0.924341
1.021428
1.018673
1.049957
1.053350
0.905779
0.984757
0.838794
1.077782
1.003061
1.025268
0.885698
1.097622
0.977078
0.910023
1.116037
1.059740
0.866261
0.979204
0.887361
0.845301
0.978299
0.841789
1.063188
0.999174
0.997573
0.943029
0.869265
0.913000
0.922729
1.048987
0.957989
0.834372
1.003320
0.992054
0.871990
0.953908
1.000163
0.881244
0.842951
0.939398
0.975241
0.899763
0.844154
0.990271
0.838211
1.054514
0.885630
0.777562
0.835257
0.780738
0.994724
0.970189
0.912202
1.009840
1.059068
0.766471
0.968022
1.021814
1.041394
0.817367
0.778974
0.759559
0.997560
0.991766
0.949780
1.017058
0.958429
0.839675
0.749390
0.835583
0.817623
0.913163
0.778830
0.890875
0.970984
0.767894
0.918704
0.884492
0.957923
0.911104
0.845085
0.714180
0.750707
0.857947
0.850523
0.783427
0.898147
0.753608
0.969105
0.934638
0.773810
0.759890
0.783732
0.812778
0.795522
0.735406
0.776015
0.695794
0.901368
0.825438
0.958719
0.896872
0.937422
0.906592
0.796211
0.879791
0.728312
0.776626
0.841270
0.677616
0.729384
0.640122
0.922084
0.819231
0.868072
0.817800
0.892999
0.621986
0.896458
0.817745
0.852774
0.779682
0.691382
0.760684
0.689073
0.636967
0.641664
0.669810
0.808437
0.885913
0.645987
0.717108
0.708578
0.674239
0.579745
0.862143
0.830551
0.850593
0.781731
0.689813
0.702192
0.780990
0.556611
0.546104
0.703823
0.648598
0.758659
0.725459
0.698922
0.657459
0.779911
0.716718
0.694192
0.550862
0.602430
0.512936
0.614863
0.716589
0.563932
0.749242
0.504550
0.486955
0.530340
0.688953
0.774132
0.729205
0.615384
0.558437
0.635226
0.661931
0.571765
0.652847
0.745384
0.692782
0.680745
0.618629
0.517603
0.728568
0.572520
0.687466
0.425338
0.496769
0.595835
0.447107
0.659063
0.524459
0.563344
0.629741
0.501126
0.675805
0.411865
0.568929
0.467726
0.602688
0.523464
0.453685
0.365008
0.623196
0.617223
0.510996
0.600316
0.505328
0.490647
0.507668
0.375094
0.353759
0.605441
0.543772
0.502659
0.604765
0.374601
0.336023
0.340013
0.526932
0.530906
0.485572
0.290377
0.495237
0.545315
0.323328
0.458991
0.426175
0.525270
0.359994
0.371309
0.504918
0.431349
0.365407
0.292925
0.405283
0.355659
0.290534
0.452958
0.405631
0.222089
0.341571
0.383203
0.287216
0.291442
0.239154
0.246205
0.360407
0.375608
0.195105
0.393539
0.364246
0.299602
0.426551
0.207700
0.160530
0.336957
0.153045
0.314915
0.246298
0.321402
0.188646
0.172273
0.361989
0.263872
0.302285
0.232295
0.383237
0.302677
0.165929
0.337098
0.250443
0.169215
0.326438
0.338216
0.226820
0.075018
0.319756
0.098375
0.283210
0.123417
0.307498
0.109540
0.211194
0.205656
0.288843
0.150665
0.298820
0.083789
0.133038
0.047699
0.258757
0.212851
0.152305
0.038092
0.225611
0.255771
0.252854
0.147471
0.104613
0.186570
0.114736
0.135234
0.198815
0.055770
0.083465
0.104754
0.096403
0.161869
0.200162
0.086662
0.188672
0.009699
-0.083613
0.031595
-0.080408
0.167037
0.068623
0.146115
0.172804
-0.048812
-0.012512
0.136113
-0.060008
0.006596
0.009908
-0.153647
0.062027
-0.112767
-0.064362
0.047401
0.022934
-0.058223
-0.123623
-0.073856
0.066942
0.025381
-0.135746
-0.176436
-0.203992
0.042880
-0.095975
-0.103913
-0.049634
-0.125785
-0.187326
-0.110744
-0.231720
-0.057396
-0.190110
-0.197696
-0.004593
0.032278
0.019982
0.000302
-0.001284
-0.106867
-0.163912
-0.216974
-0.105539
-0.218152
-0.086389
-0.190077
-0.069727
-0.160370
-0.133330
-0.208574
-0.100282
-0.103273
-0.247750
-0.295678
-0.240152
-0.282996
-0.246098
-0.120861
-0.091120
-0.303112
-0.213697
-0.269897
-0.237887
-0.259233
-0.362798
-0.124334
-0.167715
-0.118365
-0.275192
-0.140449
-0.137753
-0.309513
-0.262874
-0.214415
-0.371032
-0.362283
-0.248644
-0.443611
-0.237110
-0.367922
-0.343246
-0.311590
-0.337900
-0.382944
-0.216416
-0.228798
-0.305534
-0.281668
-0.254164
-0.469897
-0.261760
-0.295217
-0.474775
-0.283508
-0.401641
-0.336739
-0.242133
-0.306337
-0.376823
-0.267977
-0.448502
-0.523682
-0.319688
-0.435578
-0.516733
-0.394371
-0.361908
-0.522735
-0.487307
-0.345861
-0.519379
-0.423402
-0.322649
-0.329931
-0.556019
-0.382826
-0.574622
-0.518853
-0.480730
-0.442841
-0.416677
-0.567734
-0.420192
-0.496500
-0.525253
-0.457502
-0.476194
-0.444997
-0.449483
-0.552617
-0.372583
-0.613669
-0.438567
-0.607795
-0.448579
-0.499880
-0.432853
-0.662119
-0.560346
-0.567335
-0.636336
-0.458436
-0.520987
-0.624425
-0.504265
-0.639811
-0.657377
-0.638259
-0.630916
-0.571960
-0.504617
-0.712679
-0.661720
-0.500495
-0.471746
-0.665021
-0.591958
-0.648908
-0.667617
-0.568204
-0.635213
-0.576162
-0.617626
-0.601177
-0.762641
-0.560153
-0.545099
-0.494487
-0.625448
-0.778326
-0.647206
-0.525446
-0.756365
-0.547663
-0.672965
-0.756443
-0.654252
-0.562980
-0.730966
-0.584755
-0.736004
-0.629666
-0.586283
-0.814443
-0.697057
-0.833912
-0.773077
-0.707430
-0.578120
-0.688114
-0.672064
-0.679782
-0.593092
-0.750069
-0.655666
-0.584112
-0.687605
-0.702645
-0.750308
-0.827113
-0.868431
-0.743970
-0.694509
-0.616235
-0.614108
-0.644979
-0.653699
-0.817140
-0.671369
-0.691358
-0.854837
-0.813787
-0.791208
-0.651111
-0.763635
-0.897093
-0.898037
-0.804575
-0.692136
-0.944675
-0.895141
-0.776447
-0.720548
-0.859871
-0.842425
-0.946616
-0.802297
-0.926721
-0.683182
-0.918077
-0.810794
-0.920266
-0.773962
-0.832842
-0.753221
-0.857593
-0.860971
-0.833373
-0.965442
-0.863418
-0.936274
-0.715315
-0.961183
-0.965607
-0.879795
-0.947945
-0.990991
-0.815816
-0.741623
-0.911436
-0.883823
-0.731318
-0.908265
-0.732992
-0.768011
-0.965884
-0.921627
-0.977971
-0.758608
-0.997883
-0.859661
-0.892778
-0.983604
-0.945253
-0.908621
-0.861277
-0.946119
-0.981996
-1.011578
-1.031094
-0.937710
-0.806832
-0.967065
-0.998986
-0.946046
-1.035317
-0.776417
-0.880119
-0.913145
-0.910370
-0.825537
-1.075856
-0.784935
-0.813701
-0.960310
-0.801017
-0.835457
-1.003321
-1.019008
-1.028713
-1.028596
-0.795067
-0.987619
-0.850134
-0.893754
-1.072568
-0.940684
-0.879222
-0.842695
-0.897460
-0.880518
-0.907375
-0.941692
-1.026032
-1.074573
-1.029954
-0.931488
-1.103358
-1.029227
-0.884084
-0.930994
-0.876005
-0.970215
-1.063205
-1.006684
-1.047503
-1.119925
-0.849439
-1.099177
-0.995854
-1.065940
-1.079027
-0.849223
-0.837616
-0.843329
-0.947763
-1.133225
-0.859263
-0.859927
-1.021353
-0.965912
-0.926584
-0.895899
-0.929949
-1.020514
-0.986251
-0.931791
-0.992910
-0.970892
-0.941870
-1.031530
-1.042829
-0.982111
-0.977501
-0.861991
-1.087957
-0.901623
-1.064520
-1.049743
-0.993118
-1.098073
-0.868761
-0.863116
-0.880841
-0.978218
-0.849496
-0.956672
-0.916865
-0.995875
-1.037525
-1.023229
-1.030438
-0.929406
-1.027666
-1.149676
-0.975419
-0.910209
-0.882061
-1.098476
-1.015522
-1.002338
-1.134059
-0.951051
-1.005113
-1.143853
-1.123275
-1.055392
-0.962098
-1.041206
-1.103144
-0.965443
-1.061803
-1.052110
-1.111470
-0.998906
-0.878328
-0.999470
-1.092193
-1.038947
-0.864372
-1.056444
-1.051901
-0.926176
-0.902630
-0.953924
-1.070520
-0.918134
-0.938121
-0.892963
-1.081093
-0.904349
-1.063033
-0.946566
-1.026240
-0.946021
-0.840117
-0.868402
-1.037272
-0.902174
-1.056318
-0.841393
-1.099414
-0.989628
-1.025814
-1.056943
-1.062703
-1.058569
-1.046786
-1.064224
-0.870685
-0.827826
-0.909001
-0.970602
-0.979947
-1.065077
-1.023135
-0.981246
-1.049234
-1.071556
-0.877392
-0.974401
-0.864106
-0.882486
-0.848071
-1.084245
-1.064163
-0.807904
-0.852203
-0.903061
-1.068250
-1.078459
-0.810240
-1.082262
-0.969652
-1.087042
-1.020481
-0.942488
-1.085609
-0.834608
-0.873567
-0.798307
-1.026810
-0.850633
-0.923035
-0.810207
-0.925675
-0.988191
-0.950810
-0.886196
-0.949379
-0.772137
-0.904485
-1.015804
-0.801536
-0.947023
-0.767800
-1.034553
-0.998853
-0.883069
-0.817702
-1.019441
-0.769895
-0.806593
-0.807775
-0.980687
-1.000774
-0.802029
-0.933414
-0.810848
-1.020400
-0.813155
-0.936359
-0.969274
-0.801873
-0.918202
-0.882843
-0.992440
-0.978453
-0.910738
-0.792224
-0.945474
-0.929832
-0.854607
-0.918959
-0.812178
-0.748267
-0.879585
-0.727266
-0.885830
-0.892178
-0.873038
-0.978437
-0.923216
-0.813685
-0.737515
-0.706498
-0.968995
-0.889381
-0.713138
-0.825452
-0.686589
-0.793617
-0.951419
-0.856123
-0.744861
-0.654479
-0.743113
-0.664745
-0.735299
-0.821483
-0.803727
-0.880944
-0.711113
-0.732306
-0.817132
-0.765396
-0.844038
-0.662747
-0.871174
-0.622252
-0.684182
-0.841086
-0.749000
-0.899275
-0.891040
-0.661102
-0.680604
-0.652392
-0.695824
-0.805629
-0.820831
-0.652105
-0.753377
-0.768772
-0.573509
-0.584960
-0.726148
-0.594977
-0.726420
-0.647656
-0.736670
-0.572196
-0.734762
-0.633585
-0.819044
-0.656669
-0.659864
-0.821777
-0.599426
-0.624434
-0.643718
-0.610766
-0.738484
-0.573085
-0.561472
-0.503824
-0.705730
-0.775193
-0.711818
-0.516085
-0.569676
-0.650257
-0.490917
-0.610802
-0.703732
-0.716063
-0.666416
-0.636315
-0.529111
-0.564157
-0.725993
-0.720849
-0.596413
-0.459462
-0.494076
-0.506660
-0.519588
-0.538607
-0.459503
-0.455396
-0.449187
-0.432132
-0.706269
-0.535984
-0.510372
-0.635314
-0.433085
-0.477536
-0.568201
-0.570002
-0.621845
-0.525337
-0.451862
-0.508292
-0.539499
-0.483045
-0.451318
-0.615673
-0.511005
-0.535438
-0.501934
-0.624050
-0.609665
-0.336765
-0.401042
-0.556421
-0.481563
-0.481714
-0.387121
-0.336814
-0.511168
-0.349381
-0.334631
-0.577656
-0.464097
-0.448566
-0.305020
-0.286414
-0.417797
-0.345996
-0.481685
-0.445565
-0.509951
-0.446849
-0.458547
-0.437137
-0.393260
-0.405773
-0.402096
-0.357988
-0.271666
-0.470536
-0.310934
-0.278123
-0.296688
-0.321915
-0.235545
-0.448713
-0.395823
-0.407005
-0.249415
-0.324298
-0.373068
-0.431011
-0.190539
-0.264118
-0.261391
-0.290702
-0.243613
-0.435128
-0.284840
-0.185930
-0.254187
-0.408688
-0.207032
-0.358468
-0.405627
-0.352703
-0.367436
-0.123699
-0.241548
-0.144582
-0.359470
-0.149109
-0.132496
-0.378228
-0.232816
-0.270567
-0.149628
-0.083631
-0.101005
-0.177524
-0.244733
-0.135133
-0.189228
-0.093029
-0.260181
-0.180797
-0.133696
-0.140412
-0.234873
-0.143302
-0.237101
-0.021688
-0.193776
-0.169999
-0.181074
0.004233
0.004691
-0.008274
-0.178987
0.025535
-0.130027
0.000389
-0.013305
-0.149218
-0.235764
0.022737
-0.085087
-0.120300
-0.145238
-0.022348
-0.001672
-0.121362
0.087407
-0.118861
-0.105940
-0.033700
-0.020760
0.082635
-0.033208
0.023735
0.032288
-0.069612
-0.024756
-0.027787
-0.037409
-0.063347
