0.117344
-0.048913
0.096431
-0.115608
-0.062009
0.069537
-0.103086
0.131113
0.000642
-0.063858
-0.071894
0.009698
-0.025849
0.075525
-0.069621
0.204592
0.052470
0.050661
0.226838
-0.038781
0.122261
0.110375
0.019791
0.002987
0.164764
-0.009373
0.235978
-0.027155
0.266703
0.044883
0.092209
0.181171
0.185425
0.178599
0.078372
0.202708
0.274405
0.192928
0.212319
0.193589
0.093381
0.085074
0.310422
0.099704
0.311246
0.266193
0.299447
0.092952
0.302881
0.173184
0.284946
0.271258
0.229285
0.314658
0.121280
0.368038
0.214331
0.348874
0.168192
0.307098
0.315308
0.265901
0.325628
0.407177
0.405605
0.337711
0.266905
0.243283
0.219418
0.445339
0.381016
0.289087
0.211981
0.422761
0.182477
0.290749
0.459997
0.397831
0.356276
0.378156
0.477082
0.286178
0.277414
0.297799
0.417150
0.313400
0.315245
0.408703
0.264535
0.501404
0.490323
0.256517
0.448864
0.442511
0.521433
0.351288
0.416699
0.288512
0.341398
0.387067
0.349253
0.344866
0.538555
0.414087
0.516548
0.580930
0.489496
0.369594
0.311905
0.408546
0.356322
0.472812
0.330266
0.420350
0.394492
0.358736
0.520896
0.601458
0.533927
0.366780
0.398155
0.360069
0.647863
0.539330
0.559163
0.495075
0.386157
0.645471
0.504738
0.515388
0.542924
0.660645
0.651396
0.659537
0.606740
0.577768
0.524048
0.446581
0.552848
0.423661
0.521961
0.526044
0.693559
0.539280
0.603585
0.679411
0.643954
0.688483
0.703974
0.463206
0.609438
0.638192
0.638993
0.518130
0.657488
0.666252
0.760732
0.735699
0.494779
0.764346
0.642812
0.538807
0.669983
0.791094
0.520525
0.797656
0.802657
0.641547
0.661166
0.669510
0.554241
0.786635
0.561745
0.820945
0.769712
0.615675
0.658236
0.572638
0.570838
0.831004
0.791923
0.572014
0.655616
0.658213
0.608607
0.861782
0.841773
0.846591
0.722744
0.767061
0.604719
0.871829
0.844615
0.768199
0.770346
0.829724
0.638923
0.772131
0.738536
0.617996
0.851686
0.756939
0.753445
0.712012
0.726884
0.841557
0.799654
0.819545
0.877491
0.688356
0.921608
0.816680
0.817149
0.704856
0.870978
0.952041
0.817864
0.740549
0.746718
0.877749
0.836832
0.713942
0.799656
0.716092
0.838378
0.941848
0.841199
0.945335
0.882881
0.821646
0.721452
0.696818
0.762224
0.910348
0.935411
0.753571
0.801651
0.983813
0.970123
0.740258
0.943209
0.791507
1.013472
0.841197
0.906211
0.879152
0.907767
0.796516
0.811541
0.990683
0.894452
0.787379
0.755868
0.892111
1.024451
0.835857
0.782176
1.005753
0.880395
0.792861
0.825718
0.841645
0.835110
0.877825
0.823300
1.039833
0.857788
1.017169
0.791585
0.959691
0.947821
0.927085
0.812589
1.060256
0.806205
0.786051
1.073030
1.051868
1.018881
0.826832
0.883729
0.916802
0.951666
0.801509
0.895534
0.834064
0.990171
0.800440
0.864664
0.872946
1.032536
0.921191
0.907081
1.079520
1.043628
1.045371
0.949229
1.010285
1.028197
0.933743
0.860856
0.871448
1.063991
0.835177
0.889338
0.875905
0.857791
1.097945
0.970201
1.007768
0.889196
1.120318
1.066291
1.039559
0.917460
0.961808
0.953671
0.949228
1.074320
0.974569
0.968650
0.893571
0.998879
1.001380
1.015504
1.057601
1.083702
1.138852
1.068022
0.869579
1.042150
0.928133
0.903878
0.900090
1.119667
0.934553
0.930213
0.888551
1.103057
0.896603
1.024871
1.136504
1.027545
0.999171
1.099028
1.118698
1.041756
1.147786
0.882783
0.855503
0.939213
0.880189
1.135832
0.865279
0.978009
1.005028
0.997798
0.969941
0.961807
1.079922
0.878563
0.881613
1.034531
1.076898
1.051004
0.960159
0.984930
0.915745
0.994017
0.962439
1.047190
1.124027
1.018847
0.939556
0.872381
0.918823
1.000153
0.859384
1.089330
1.054405
1.038185
0.879203
0.976867
1.125059
0.955632
0.909136
0.929025
0.957957
0.877879
0.964495
1.082459
0.868640
0.916637
1.060343
0.978766
1.044899
1.123110
0.985301
0.920563
0.930302
0.928845
0.960242
1.108651
0.956752
1.099132
1.066424
0.967399
0.925740
1.061154
1.072731
0.863181
1.114482
1.005756
0.981061
0.997380
0.917319
0.878919
0.962622
1.061436
1.038912
1.039242
0.940960
0.833861
0.822976
0.872150
1.053262
0.991113
1.019899
1.033150
0.948588
0.947726
1.077101
0.879697
0.969366
0.809980
0.929354
1.021155
1.058805
0.904558
0.914566
0.883987
0.936182
1.040207
0.803885
0.878835
0.964830
0.984150
0.837642
0.993569
0.885848
0.879061
1.020218
1.051486
0.918483
0.783582
1.029249
0.888414
0.778009
0.895799
0.957900
0.849885
0.755818
0.799776
0.937974
0.752807
0.916491
0.971016
0.940713
0.827893
0.890102
0.850312
0.809613
1.024575
0.815029
0.927792
0.980086
0.738637
0.817217
0.902407
0.801901
0.791181
0.742997
0.977428
0.975074
0.860338
0.822086
0.777255
0.741263
0.923250
0.814720
0.714341
0.723534
0.877270
0.830833
0.929860
0.718411
0.875347
0.785946
0.691413
0.818189
0.869225
0.905712
0.702643
0.843086
0.877267
0.930780
0.871875
0.830271
0.729754
0.886604
0.700885
0.678829
0.679603
0.724836
0.688462
0.658137
0.825768
0.653246
0.838881
0.772659
0.819206
0.840236
0.657038
0.626093
0.633240
0.825086
0.758191
0.742689
0.889214
0.709010
0.590486
0.622599
0.807102
0.678927
0.684484
0.728428
0.818242
0.826674
0.848991
0.589473
0.561332
0.721813
0.706766
0.617294
0.779724
0.796784
0.791622
0.746866
0.760833
0.719766
0.757225
0.696875
0.677339
0.522922
0.672073
0.738858
0.707111
0.791920
0.733605
0.670722
0.726089
0.706383
0.644167
0.714821
0.746302
0.676186
0.588485
0.550693
0.486021
0.573987
0.493713
0.579610
0.736208
0.707837
0.606556
0.639152
0.603091
0.469889
0.566375
0.487314
0.478149
0.555903
0.678835
0.614063
0.519078
0.607456
0.609282
0.684601
0.556346
0.559117
0.662022
0.449371
0.545214
0.484796
0.545904
0.446589
0.555863
0.492059
0.556511
0.366601
0.607479
0.605236
0.480964
0.359593
0.472225
0.455246
0.515265
0.436411
0.408365
0.427004
0.577099
0.326631
0.329396
0.434759
0.358676
0.490295
0.551527
0.407087
0.578567
0.526827
0.290772
0.373774
0.309427
0.397375
0.347142
0.329964
0.438417
0.458532
0.314721
0.451579
0.431161
0.296807
0.354280
0.444327
0.458885
0.507842
0.502539
0.313376
0.392157
0.354524
0.291920
0.216756
0.318888
0.211581
0.423740
0.231132
0.207559
0.267041
0.328014
0.436959
0.375769
0.223209
0.253643
0.235281
0.353790
0.384840
0.232176
0.188428
0.168939
0.273686
0.358026
0.330851
0.289800
0.098146
0.304010
0.152033
0.307707
0.292932
0.077197
0.257709
0.068027
0.213514
0.116932
0.201061
0.279128
0.302531
0.240909
0.192152
0.133244
0.262072
0.118918
0.157621
0.185287
0.247831
0.093571
0.148927
0.129453
0.232334
0.243493
0.078131
0.094711
0.011904
0.210000
0.258041
0.103048
0.085250
0.149503
0.126714
0.093619
-0.040570
0.150713
0.183682
0.000112
0.108293
-0.014275
-0.003736
0.068003
0.192022
0.020632
-0.020467
0.005610
0.129304
0.137905
-0.112352
-0.073623
0.032279
0.117289
0.093043
-0.111581
0.073714
-0.024652
-0.019526
0.061384
-0.026083
-0.011898
0.084875
-0.027701
-0.136680
-0.118732
-0.153364
-0.047761
0.058906
-0.168064
-0.110254
-0.049257
-0.184480
-0.036706
-0.106133
0.012942
-0.060148
-0.042571
0.002702
-0.219998
0.000991
-0.184082
-0.083894
0.004172
-0.051579
-0.110359
-0.248195
-0.017246
0.009485
-0.044914
-0.030691
-0.200978
-0.067690
-0.046231
-0.079282
-0.121822
-0.222282
-0.302059
-0.174005
-0.265637
-0.043443
-0.313000
-0.063096
-0.171905
-0.142020
-0.323935
-0.261636
-0.150769
-0.317701
-0.331080
-0.209411
-0.223925
-0.336721
-0.141561
-0.313208
-0.168965
-0.304029
-0.195815
-0.314399
-0.407636
-0.135891
-0.189247
-0.247387
-0.143275
-0.356221
-0.250457
-0.152801
-0.378086
-0.400855
-0.169542
-0.271617
-0.244672
-0.454697
-0.455177
-0.179744
-0.237484
-0.304035
-0.204885
-0.370973
-0.203222
-0.349640
-0.228224
-0.420502
-0.428998
-0.395414
-0.474276
-0.492316
-0.354105
-0.510306
-0.348748
-0.309073
-0.299837
-0.482441
-0.258243
-0.295924
-0.298237
-0.367333
-0.516259
-0.459484
-0.499611
-0.482354
-0.554961
-0.546127
-0.431436
-0.334502
-0.519220
-0.519622
-0.573621
-0.493369
-0.360655
-0.390465
-0.362396
-0.391213
-0.378236
-0.357801
-0.377761
-0.410135
-0.593396
-0.614960
-0.604621
-0.620245
-0.480364
-0.653795
-0.444182
-0.668536
-0.418029
-0.645764
-0.656180
-0.450224
-0.522237
-0.495252
-0.410595
-0.648516
-0.631115
-0.701153
-0.677131
-0.424330
-0.564825
-0.647309
-0.518884
-0.622768
-0.633615
-0.676630
-0.453698
-0.631182
-0.563566
-0.559294
-0.586702
-0.569722
-0.546352
-0.522011
-0.502510
-0.770224
-0.716125
-0.710188
-0.625709
-0.520021
-0.576711
-0.535012
-0.702346
-0.775740
-0.531832
-0.663072
-0.514160
-0.739433
-0.626763
-0.731132
-0.599313
-0.669450
-0.790033
-0.606502
-0.620986
-0.597278
-0.712294
-0.710569
-0.638492
-0.668898
-0.775171
-0.659542
-0.826952
-0.725373
-0.854103
-0.696023
-0.657308
-0.728299
-0.734213
-0.871802
-0.842440
-0.631501
-0.788156
-0.837934
-0.817213
-0.683572
-0.892658
-0.641569
-0.667535
-0.811495
-0.686999
-0.699595
-0.899381
-0.831747
-0.730424
-0.919354
-0.776909
-0.790626
-0.876451
-0.925259
-0.844870
-0.688374
-0.800303
-0.731655
-0.931141
-0.792017
-0.933361
-0.815256
-0.785379
-0.861124
-0.928692
-0.853821
-0.741503
-0.784478
-0.871282
-0.819378
-0.760719
-0.726915
-0.858686
-0.987791
-0.838266
-0.876251
-0.929187
-0.849101
-0.960716
-0.961308
-0.756038
-0.855913
-0.920861
-0.838141
-0.819320
-0.773173
-0.851611
-0.909500
-0.927516
-0.958978
-0.825134
-0.806066
-1.001420
-0.900862
-1.003215
-0.791247
-0.765364
-0.955280
-0.818222
-1.041373
-0.897550
-0.935917
-0.865170
-0.871609
-0.995245
-0.970280
-0.805340
-0.884144
-1.047480
-0.860132
-0.781143
-0.906626
-0.889987
-0.938349
-0.871370
-0.804209
-0.981971
-0.914001
-0.924633
-0.954292
-0.792867
-1.044024
-0.909202
-0.979833
-0.911984
-1.005549
-0.864917
-0.877558
-0.956650
-0.912679
-0.934727
-1.028287
-0.899167
-0.869303
-1.064346
-0.854370
-1.003449
-0.946042
-1.079906
-1.040374
-0.847810
-1.111007
-1.091871
-0.947625
-0.882671
-0.999209
-0.920333
-1.078902
-0.884012
-0.982705
-0.951360
-1.028233
-0.983783
-0.972945
-0.856224
-1.023796
-0.926353
-1.065199
-1.017775
-0.979421
-0.898030
-0.869532
-0.915141
-0.851994
-0.931580
-0.859050
-0.899849
-0.912511
-0.966102
-0.906725
-0.951099
-0.964383
-0.892384
-1.007976
-1.067630
-1.107077
-0.895336
-0.919482
-0.859893
-1.134015
-1.052373
-0.934251
-0.998422
-1.056793
-1.078093
-0.950683
-0.936191
-1.030201
-1.112465
-0.910108
-0.903499
-0.978005
-1.050053
-0.961693
-0.944808
-1.093352
-0.909110
-0.884170
-1.110492
-0.989293
-1.121120
-1.087808
-1.081511
-1.007943
-1.035934
-1.030036
-1.040353
-0.988651
-1.110388
-0.918487
-0.945730
-1.061166
-1.066908
-0.956421
-0.891686
-0.858177
-0.967518
-0.938409
-1.061339
-1.036628
-1.019273
-1.136627
-0.935245
-0.976830
-0.891866
-0.882255
-1.079182
-1.010323
-1.061175
-0.931666
-0.964506
-0.894673
-0.950987
-0.959228
-1.120119
-0.870216
-0.898538
-1.043010
-1.058794
-0.873591
-0.894954
-1.086011
-1.010258
-0.916692
-0.933599
-0.962923
-1.066398
-0.926684
-0.926628
-0.957247
-1.118115
-1.121904
-1.057639
-1.064461
-1.051705
-1.098425
-0.985531
-0.936442
-0.935885
-0.886883
-1.034107
-1.116653
-0.969147
-1.067218
-1.019295
-0.888210
-1.075857
-1.082147
-1.108089
-0.954218
-1.020712
-1.079388
-1.043384
-0.976061
-0.915292
-1.086451
-0.806561
-0.922798
-1.041090
-1.047594
-1.042613
-1.021874
-0.907404
-0.909117
-1.078807
-0.987463
-1.056196
-1.060455
-1.083109
-0.950478
-0.996169
-0.833869
-0.799366
-1.007736
-0.857175
-0.808468
-1.062034
-0.782166
-1.036806
-0.928350
-0.976867
-1.046371
-0.964640
-0.829174
-0.994171
-0.943734
-0.963956
-0.889013
-0.897862
-0.931565
-0.961842
-0.839702
-0.947696
-0.836426
-0.800648
-0.875274
-0.985069
-0.888734
-0.759290
-0.863595
-0.883637
-0.728952
-0.818182
-1.010390
-0.903742
-0.874643
-0.721824
-0.761997
-0.723991
-0.841849
-0.842833
-0.977274
-0.970992
-0.994948
-0.879419
-0.771782
-0.775212
-0.849125
-0.859727
-0.689947
-0.896156
-0.842284
-0.784074
-0.907414
-0.741613
-0.721186
-0.862258
-0.896374
-0.791256
-0.667095
-0.859903
-0.855465
-0.809337
-0.927734
-0.832910
-0.801163
-0.640222
-0.653069
-0.736739
-0.724895
-0.749758
-0.883803
-0.789221
-0.861863
-0.633641
-0.901702
-0.810032
-0.727981
-0.769542
-0.870843
-0.879699
-0.805700
-0.689408
-0.828687
-0.877400
-0.881917
-0.663475
-0.743798
-0.700137
-0.716780
-0.727381
-0.584977
-0.776847
-0.842296
-0.740671
-0.723735
-0.651607
-0.694720
-0.579528
-0.629720
-0.781164
-0.713633
-0.680689
-0.565696
-0.739857
-0.678436
-0.537337
-0.589310
-0.566946
-0.613882
-0.524443
-0.779495
-0.667510
-0.510239
-0.565581
-0.667454
-0.554006
-0.687229
-0.521961
-0.659846
-0.488424
-0.574191
-0.573788
-0.642618
-0.470666
-0.669071
-0.554916
-0.702902
-0.583397
-0.597478
-0.566615
-0.559374
-0.683499
-0.590011
-0.621502
-0.605124
-0.644466
-0.708604
-0.623995
-0.450615
-0.425564
-0.688971
-0.580766
-0.408527
-0.445612
-0.441100
-0.457691
-0.457844
-0.581039
-0.625549
-0.518515
-0.611324
-0.652958
-0.375959
-0.537823
-0.642587
-0.509031
-0.346057
-0.501630
-0.565066
-0.396748
-0.370607
-0.357444
-0.513567
-0.486459
-0.468107
-0.551192
-0.579645
-0.576912
-0.466417
-0.502430
-0.575293
-0.411224
-0.392434
-0.412946
-0.562428
-0.482205
-0.499317
-0.298400
-0.304387
-0.401123
-0.432720
-0.467245
-0.485442
-0.316270
-0.516796
-0.432451
-0.363258
-0.303561
-0.275402
-0.262325
-0.300186
-0.338607
-0.489143
-0.385528
-0.394294
-0.364520
-0.369434
-0.294785
-0.183795
-0.367580
-0.249552
-0.342322
-0.397094
-0.438650
-0.345954
-0.306150
-0.356679
-0.134196
-0.352655
-0.249091
-0.147715
-0.247539
-0.276678
-0.314507
-0.186970
-0.257571
-0.164483
-0.263624
-0.248532
-0.106997
-0.084436
-0.359015
-0.181631
-0.143487
-0.286883
-0.076572
-0.310456
-0.319871
-0.234482
-0.127918
-0.227489
-0.153749
-0.155280
-0.121283
-0.056409
-0.207224
-0.185885
-0.029285
-0.078983
-0.033001
-0.292154
-0.025339
-0.231871
-0.163002
-0.271999
-0.036287
-0.005301
-0.257082
-0.024986
-0.081459
0.039409
-0.096827
-0.087781
-0.048754
-0.214729
0.012325
-0.121207
-0.050033
0.001655
-0.175642
0.042557
-0.053524
-0.103018
0.105318
0.002621
-0.002031
0.038885
-0.105568
-0.121321
-0.014325
-0.058226
-0.049422
-0.064654
