-0.110361
0.076110
-0.014364
-0.063905
0.123074
0.099737
-0.062124
-0.047528
0.032210
0.031094
-0.049807
0.106086
0.021603
0.157053
0.207045
0.160794
0.104891
0.189578
0.213334
0.064359
0.167633
-0.027033
0.070637
0.219371
0.007324
0.203302
0.176136
0.251721
0.039771
0.159296
0.169783
0.038558
0.201452
0.293445
0.128809
0.238743
0.049048
0.070452
0.262849
0.204497
0.044607
0.066177
0.153974
0.109598
0.104543
0.150707
0.073797
0.107635
0.195367
0.097894
0.270951
0.113925
0.183204
0.175436
0.374923
0.281533
0.223398
0.366176
0.147413
0.302914
0.147420
0.375350
0.167673
0.261158
0.322602
0.182158
0.400009
0.397013
0.236956
0.426197
0.361961
0.435935
0.265042
0.266451
0.386418
0.272272
0.292560
0.229181
0.465948
0.224138
0.292605
0.471830
0.291413
0.274708
0.421817
0.507726
0.326726
0.469691
0.364619
0.512178
0.258564
0.267344
0.446997
0.293502
0.466063
0.274670
0.441015
0.433529
0.293989
0.480708
0.410385
0.476143
0.489144
0.484331
0.498862
0.531063
0.302766
0.529974
0.551602
0.357888
0.348044
0.424325
0.498812
0.402613
0.507308
0.400940
0.556760
0.618101
0.360849
0.365837
0.428369
0.537968
0.570200
0.444121
0.540349
0.653629
0.638130
0.411354
0.602225
0.533503
0.585490
0.633942
0.608390
0.625062
0.589578
0.501229
0.573115
0.681657
0.424526
0.524756
0.572621
0.487591
0.542101
0.450106
0.478845
0.647538
0.547080
0.671991
0.682793
0.637301
0.694927
0.751212
0.545609
0.514705
0.744008
0.629309
0.713402
0.625628
0.600661
0.772922
0.517601
0.637789
0.666350
0.628758
0.754517
0.527416
0.552234
0.538610
0.556138
0.570301
0.694772
0.598484
0.727260
0.704500
0.660431
0.796825
0.650597
0.718224
0.575364
0.561384
0.825697
0.572183
0.729965
0.730650
0.584708
0.792899
0.770821
0.784568
0.786061
0.602490
0.833539
0.592993
0.806744
0.715447
0.844457
0.748384
0.684827
0.680452
0.808510
0.633341
0.899081
0.665061
0.838357
0.761382
0.739307
0.697337
0.899090
0.842068
0.699524
0.847313
0.881456
0.904966
0.870225
0.769224
0.714003
0.867413
0.779361
0.791739
0.887710
0.868093
0.814161
0.795976
0.957681
0.903963
0.899580
0.745146
0.926060
0.761488
0.876653
0.953494
0.813655
0.881407
0.749421
0.833730
0.712121
0.706644
0.924031
0.831144
0.864444
0.738726
0.734408
0.911338
0.894180
0.784851
0.791881
0.967053
0.769013
0.766361
1.031240
0.986349
0.877988
0.943791
0.981057
0.749635
0.926323
0.842283
0.838921
0.929709
0.772481
1.004082
1.042662
0.900021
0.794171
0.800488
1.007513
0.928240
1.065667
0.803612
0.786180
0.801902
0.791286
0.844165
1.035668
0.823918
1.048602
0.824773
1.024514
0.859106
0.923120
0.939377
0.806705
0.976198
0.815742
0.829212
1.013337
1.062431
0.927015
1.043755
1.082361
1.023540
0.927272
0.974499
1.024452
0.859339
0.969686
0.980286
1.022732
0.920634
0.972411
0.975362
1.099808
0.854112
0.820057
1.090089
1.036602
0.833226
0.845788
0.910709
1.093098
0.922788
0.872409
0.918341
1.107574
1.056558
0.839442
1.062831
0.989599
1.003705
1.066409
1.084442
0.988798
1.038029
1.024264
0.850565
0.918987
1.100161
0.919453
1.102043
0.888426
0.884363
1.022231
1.040641
0.954332
0.853072
0.923483
0.849417
1.131065
1.110301
0.980790
0.880348
0.952415
0.877723
1.109210
1.057070
0.980561
0.956916
0.876144
1.018865
0.910302
1.035321
0.977482
0.936604
1.089569
1.119169
0.884540
0.935760
0.875231
1.086828
1.097765
1.008609
0.871549
1.006649
0.926697
0.979944
0.856587
0.872947
1.067419
1.061773
0.859694
0.852121
0.890656
1.118378
1.114899
1.042534
1.070920
1.116403
0.931342
0.995277
0.919368
1.105132
1.048116
1.001982
1.040031
1.053814
1.086563
0.892026
0.998167
1.050616
0.850629
0.882029
1.073682
1.087444
1.010727
1.015842
0.865437
0.879193
0.912289
0.905472
0.932032
1.005234
1.006572
1.106360
1.098076
1.058762
1.115694
0.965223
1.114474
0.942402
0.855825
0.991842
1.090650
1.003303
0.994293
0.836808
0.937547
1.101766
1.100135
1.089725
1.029586
1.117024
0.906788
0.902314
0.928487
1.042949
1.062492
1.088327
0.823046
0.875201
1.040451
0.863466
0.889432
0.865150
0.961783
0.811826
1.019961
0.848108
0.851311
1.044931
0.975153
0.875275
1.016098
0.851266
0.825879
0.890006
0.999052
1.007691
1.076343
1.013938
0.836084
0.834282
1.042390
0.924809
0.873427
0.877887
1.031536
1.063230
0.792713
1.034996
0.774692
1.046738
0.982358
0.881631
0.827802
0.996966
0.822255
0.983902
1.023303
0.850963
0.844551
0.949307
0.934282
0.984449
0.890171
0.826033
1.003254
0.873671
1.021884
0.737725
0.895810
0.860646
0.912615
0.883275
0.852430
0.821302
0.860230
0.785561
0.903940
0.831131
0.991075
0.916708
0.717151
0.716564
0.934568
0.978615
0.942276
0.912324
0.838446
0.784315
0.941003
0.916053
0.844085
0.949084
0.755048
0.708262
0.784892
0.679833
0.710789
0.677975
0.787854
0.656469
0.726645
0.809674
0.677600
0.692404
0.790226
0.859787
0.825160
0.643438
0.804892
0.785320
0.654391
0.726576
0.732519
0.733764
0.793140
0.745050
0.892338
0.651664
0.680757
0.716933
0.861241
0.736055
0.634713
0.853356
0.806081
0.763819
0.610617
0.576175
0.665335
0.729723
0.797865
0.708661
0.760050
0.617660
0.737668
0.542325
0.643830
0.558926
0.555357
0.734138
0.599561
0.809214
0.704300
0.714196
0.583635
0.761677
0.781933
0.512547
0.550017
0.596699
0.624174
0.661071
0.489854
0.569274
0.677490
0.621959
0.620150
0.640118
0.680323
0.758336
0.698392
0.459341
0.748522
0.456656
0.606921
0.521826
0.646540
0.699147
0.614070
0.586533
0.566146
0.457133
0.702142
0.537422
0.662796
0.530655
0.591664
0.413246
0.528680
0.392455
0.540170
0.573882
0.510746
0.439845
0.626576
0.396069
0.437614
0.570724
0.643677
0.588275
0.626171
0.600804
0.351450
0.492033
0.483570
0.358466
0.462054
0.564837
0.398199
0.345779
0.385909
0.578834
0.346398
0.424856
0.578409
0.364848
0.411220
0.438087
0.448784
0.315017
0.519447
0.542951
0.519353
0.388247
0.377300
0.284511
0.386854
0.519875
0.514096
0.412074
0.457843
0.403536
0.258377
0.368742
0.362538
0.255841
0.257119
0.466951
0.397287
0.379938
0.393451
0.458282
0.204072
0.458346
0.324698
0.331109
0.332741
0.336309
0.304013
0.242387
0.172281
0.391554
0.171458
0.254428
0.402356
0.259090
0.272848
0.228022
0.149276
0.338512
0.388613
0.330441
0.125218
0.115410
0.169828
0.370223
0.205909
0.288848
0.198171
0.219272
0.359464
0.311272
0.136277
0.351549
0.238643
0.121306
0.150194
0.144261
0.201150
0.227267
0.251269
0.022401
0.160224
0.157899
0.169220
0.131777
0.178934
0.250886
0.068591
0.070697
0.072176
-0.005912
0.167482
0.080509
0.123729
0.221190
0.022088
-0.024034
0.134775
-0.008239
0.026607
0.210650
0.038950
0.102581
-0.054349
0.193438
-0.044655
-0.067998
-0.022856
0.140572
0.013220
0.107464
0.174661
0.097193
0.001363
-0.056170
0.041591
-0.069812
-0.022570
0.138959
-0.035379
0.121101
0.139654
-0.037150
0.048551
-0.118355
0.006645
0.020465
-0.177258
-0.042238
-0.008129
-0.147411
-0.146888
-0.058821
-0.013488
-0.018301
-0.035033
-0.073083
-0.048155
-0.178291
-0.227263
-0.103899
-0.089219
-0.155522
-0.157091
-0.147544
0.007304
-0.004786
-0.257141
-0.023014
-0.046234
-0.171490
-0.261794
-0.076969
-0.097446
-0.044030
-0.263098
-0.112447
-0.153912
-0.286670
-0.290424
-0.166313
-0.166603
-0.038484
-0.328359
-0.313290
-0.284900
-0.111772
-0.081229
-0.249270
-0.139016
-0.329728
-0.140934
-0.175526
-0.296859
-0.152619
-0.324243
-0.300248
-0.349314
-0.136717
-0.334510
-0.334876
-0.164228
-0.328099
-0.377098
-0.294929
-0.300265
-0.227892
-0.335873
-0.268026
-0.294217
-0.329629
-0.189396
-0.191534
-0.215168
-0.225830
-0.421850
-0.416478
-0.339209
-0.416169
-0.478357
-0.488337
-0.298316
-0.490602
-0.378186
-0.315434
-0.275199
-0.273155
-0.259195
-0.435793
-0.467561
-0.530397
-0.481772
-0.346709
-0.268757
-0.471641
-0.472552
-0.557964
-0.449637
-0.436572
-0.290081
-0.307229
-0.566047
-0.508116
-0.358472
-0.413136
-0.562337
-0.357921
-0.538692
-0.406676
-0.353725
-0.413857
-0.553583
-0.599928
-0.492496
-0.349355
-0.543045
-0.534939
-0.599201
-0.365722
-0.476129
-0.649025
-0.367613
-0.472630
-0.414075
-0.430551
-0.470847
-0.572166
-0.572855
-0.675901
-0.681399
-0.570454
-0.571458
-0.514327
-0.582591
-0.668995
-0.433456
-0.548029
-0.626459
-0.689792
-0.679487
-0.504544
-0.680965
-0.637390
-0.440565
-0.596433
-0.690907
-0.649130
-0.538448
-0.732661
-0.608328
-0.490229
-0.656183
-0.747801
-0.597794
-0.711893
-0.766078
-0.611561
-0.495433
-0.567425
-0.790394
-0.509750
-0.583529
-0.509152
-0.589690
-0.629965
-0.556230
-0.557189
-0.578389
-0.540955
-0.819141
-0.650383
-0.621798
-0.561636
-0.777574
-0.658798
-0.735721
-0.624284
-0.596304
-0.557025
-0.674969
-0.563670
-0.796319
-0.699968
-0.844198
-0.734040
-0.708407
-0.840835
-0.798844
-0.659632
-0.687824
-0.610467
-0.660795
-0.854889
-0.666405
-0.665810
-0.658905
-0.796593
-0.727377
-0.637800
-0.703753
-0.703318
-0.623564
-0.630425
-0.678299
-0.825991
-0.687974
-0.900115
-0.822393
-0.687227
-0.744535
-0.832460
-0.768263
-0.798934
-0.893406
-0.862260
-0.900494
-0.857313
-0.741777
-0.889084
-0.818150
-0.893829
-0.722702
-0.741022
-0.747983
-0.727114
-0.693229
-0.958986
-0.968277
-0.762361
-0.966387
-0.781331
-0.789903
-0.782764
-0.758290
-0.861362
-0.792551
-0.899678
-0.850747
-0.804716
-0.809012
-0.932315
-0.795990
-0.837912
-0.932006
-0.821821
-0.863602
-0.971900
-0.940995
-0.841143
-0.821675
-0.884834
-0.798898
-0.998542
-0.896188
-0.810661
-0.911195
-0.943979
-0.802754
-1.052306
-1.012658
-1.020846
-0.928870
-0.937638
-0.866434
-0.888709
-1.054078
-0.963685
-0.798268
-1.011888
-0.800239
-0.937922
-0.957103
-1.076343
-0.907684
-0.802222
-1.070019
-0.925652
-0.933440
-0.977742
-0.903424
-0.851292
-1.023394
-1.084292
-0.933917
-0.977590
-1.066541
-1.049105
-0.822929
-0.864220
-0.903062
-1.032648
-0.837146
-1.087453
-0.816851
-1.025827
-0.920534
-1.066003
-1.081393
-1.010520
-0.923157
-1.014746
-0.925997
-0.942800
-0.958492
-0.925333
-1.044963
-1.022299
-0.944606
-0.910414
-1.068131
-1.112352
-0.914946
-0.834512
-0.879315
-0.856512
-0.974111
-1.103226
-1.007086
-1.064100
-0.836966
-0.987501
-0.918506
-1.019578
-1.092778
-0.904435
-0.865027
-1.016451
-0.924908
-0.864198
-0.892312
-0.881876
-1.023100
-0.858891
-1.073717
-1.129224
-1.071177
-0.866653
-0.990546
-1.040720
-0.876713
-1.089696
-1.107873
-0.854066
-1.075042
-0.980987
-0.879451
-0.923850
-1.097964
-1.096951
-0.872430
-1.000655
-1.095813
-0.941873
-0.860093
-0.995214
-0.908275
-0.939901
-0.978132
-1.011343
-1.074576
-0.898955
-0.952629
-0.852367
-0.984267
-0.883931
-1.135733
-1.078095
-0.953799
-1.071951
-1.144502
-1.121311
-1.131400
-0.959838
-0.920200
-0.973006
-0.928093
-0.939793
-0.876524
-0.964643
-0.941292
-0.901067
-1.062997
-1.014224
-0.896366
-1.071326
-0.977362
-1.063924
-0.951270
-0.977673
-0.940198
-1.090254
-1.040143
-0.908861
-1.014891
-0.987047
-0.888579
-1.083130
-0.975410
-0.929852
-0.929263
-1.015959
-0.887334
-0.970942
-0.997072
-0.895211
-1.096235
-0.880168
-1.110249
-1.080320
-0.838701
-0.901270
-0.987508
-0.933029
-0.879537
-1.100907
-1.072217
-1.111854
-0.936711
-0.972145
-0.875446
-0.876858
-1.040675
-0.995149
-1.092272
-1.022069
-0.895371
-0.832428
-0.916327
-1.055489
-1.036304
-0.958350
-0.896894
-0.963221
-0.818528
-0.931979
-0.933561
-0.981827
-1.081941
-0.890532
-0.821215
-0.882769
-1.028226
-0.900259
-0.987882
-0.793901
-0.800911
-0.992399
-0.920437
-1.016308
-0.914036
-0.804711
-1.033060
-1.029938
-0.956839
-0.798707
-0.873867
-0.850598
-1.001878
-0.827217
-0.852525
-1.052845
-0.787234
-0.808345
-0.963822
-0.963300
-0.979464
-1.015358
-0.770840
-0.806326
-1.021137
-0.830108
-0.745581
-0.869072
-1.018816
-0.829402
-0.774540
-0.730903
-1.013520
-0.958486
-0.832473
-0.890769
-0.818852
-0.773973
-0.793005
-0.890493
-0.906477
-0.722846
-0.940246
-0.783211
-0.978569
-0.913579
-0.853082
-0.728692
-0.726319
-0.963017
-0.918087
-0.823992
-0.834316
-0.920403
-0.944776
-0.860959
-0.858353
-0.920430
-0.757029
-0.806761
-0.710358
-0.689483
-0.877077
-0.789884
-0.887301
-0.879219
-0.793540
-0.666563
-0.846478
-0.865308
-0.778567
-0.853622
-0.736341
-0.810816
-0.870429
-0.677630
-0.786396
-0.711827
-0.864479
-0.608570
-0.839685
-0.666367
-0.874731
-0.792054
-0.715160
-0.653045
-0.627949
-0.578848
-0.784601
-0.811601
-0.849619
-0.834621
-0.789257
-0.747131
-0.691509
-0.806755
-0.568261
-0.556965
-0.635229
-0.646984
-0.632310
-0.602348
-0.796864
-0.729579
-0.787396
-0.621104
-0.752282
-0.566919
-0.796912
-0.763570
-0.566968
-0.564342
-0.507323
-0.624165
-0.666217
-0.742639
-0.493247
-0.503308
-0.668036
-0.554480
-0.569733
-0.583466
-0.659857
-0.543712
-0.665371
-0.494560
-0.478080
-0.497151
-0.620803
-0.505657
-0.652738
-0.724028
-0.568387
-0.477819
-0.504872
-0.643452
-0.578038
-0.450190
-0.622764
-0.589451
-0.501515
-0.645948
-0.633197
-0.548718
-0.561738
-0.439764
-0.466204
-0.616201
-0.643392
-0.548697
-0.459996
-0.638107
-0.362312
-0.533226
-0.454840
-0.429357
-0.567738
-0.435685
-0.552233
-0.471129
-0.449265
-0.436114
-0.374235
-0.345132
-0.555958
-0.451431
-0.518039
-0.367666
-0.343679
-0.298951
-0.417186
-0.442600
-0.339198
-0.302573
-0.566016
-0.434582
-0.322457
-0.531593
-0.257744
-0.364332
-0.342014
-0.278243
-0.381382
-0.523771
-0.402976
-0.477330
-0.474722
-0.442601
-0.424048
-0.321268
-0.385200
-0.314019
-0.403702
-0.261027
-0.489217
-0.466941
-0.201201
-0.361230
-0.468447
-0.248646
-0.274449
-0.260641
-0.275280
-0.452345
-0.308969
-0.315534
-0.280720
-0.374567
-0.373929
-0.244758
-0.172624
-0.207675
-0.212711
-0.286838
-0.264456
-0.130617
-0.197874
-0.343019
-0.329425
-0.120803
-0.373602
-0.306654
-0.347626
-0.172518
-0.323552
-0.073936
-0.219602
-0.088822
-0.164796
-0.265191
-0.081760
-0.100669
-0.270703
-0.260658
-0.028368
-0.145892
-0.159482
-0.244838
-0.117782
-0.294374
-0.114727
-0.138647
-0.016164
-0.150155
-0.044725
-0.124047
-0.071894
-0.238468
0.027145
-0.231044
-0.246299
0.015514
-0.243300
-0.140406
-0.009150
-0.228259
-0.145631
-0.025083
0.025079
0.070991
-0.043136
-0.126262
-0.169136
0.099945
0.062003
0.067274
0.039952
0.009101
-0.121793
-0.124676
-0.030597
0.078418
0.112664
-0.000915
