-0.068992
-0.070186
0.036881
0.082611
0.015451
-0.083077
-0.024431
0.171386
0.086331
-0.096528
0.185921
0.197179
-0.080752
0.202943
0.008887
0.068893
0.182229
0.178931
0.158239
-0.009884
0.148691
0.099089
0.232292
0.194113
-0.022667
0.067932
0.240197
0.048724
0.049981
0.068773
0.251998
0.122156
0.035564
0.124045
0.190404
0.278791
0.051251
0.246947
0.154355
0.103446
0.035852
0.257682
0.296622
0.281746
0.057960
0.187377
0.188249
0.240859
0.235565
0.308040
0.273333
0.317813
0.166840
0.374358
0.149932
0.135632
0.208305
0.336119
0.390402
0.329646
0.301519
0.402047
0.205625
0.180980
0.353533
0.287674
0.166330
0.239082
0.236531
0.390506
0.446412
0.191771
0.420482
0.424105
0.230350
0.188100
0.341930
0.266012
0.308352
0.301879
0.487699
0.335500
0.371092
0.385093
0.212767
0.254930
0.420047
0.466568
0.346355
0.229316
0.435606
0.492623
0.516435
0.513395
0.367668
0.282270
0.363841
0.397492
0.279076
0.298394
0.414819
0.414766
0.452273
0.377022
0.333194
0.320705
0.391070
0.512275
0.535788
0.365951
0.515984
0.385538
0.460671
0.394548
0.441480
0.387259
0.622420
0.492647
0.420201
0.508395
0.478800
0.523162
0.560188
0.444008
0.644365
0.497844
0.550910
0.386834
0.484516
0.389021
0.581168
0.487278
0.508355
0.661751
0.459576
0.416678
0.599465
0.711812
0.657085
0.539722
0.709625
0.562638
0.650317
0.725685
0.716311
0.490561
0.719846
0.747472
0.619721
0.692058
0.632398
0.516683
0.709624
0.725419
0.640460
0.552120
0.755623
0.545400
0.733485
0.732764
0.583443
0.510864
0.542495
0.700893
0.576593
0.759040
0.714505
0.560829
0.676028
0.694580
0.587351
0.680629
0.786495
0.767307
0.793451
0.604479
0.699361
0.706274
0.595799
0.837333
0.789791
0.711938
0.818840
0.795813
0.844261
0.710333
0.648646
0.677805
0.810912
0.619979
0.831982
0.765073
0.745870
0.638302
0.754527
0.732315
0.902226
0.825915
0.791017
0.793358
0.676318
0.826288
0.718003
0.642142
0.796295
0.743436
0.686359
0.934566
0.707590
0.687340
0.677422
0.775903
0.893688
0.679776
0.783161
0.734834
0.689080
0.740950
0.848549
0.839777
0.726609
0.855146
0.933361
0.702341
0.974192
0.915874
0.935500
0.937158
0.848564
0.900296
0.766122
0.875132
0.864831
0.773384
0.905427
0.956282
0.868205
0.938656
0.765081
0.997185
0.903426
0.840551
0.836449
0.791392
0.729124
0.896024
1.001958
1.024763
1.002179
0.764059
0.908112
0.908743
0.897229
0.882203
0.896409
0.862099
0.827696
0.975824
1.038903
0.871260
0.801055
0.848804
0.881112
0.927282
0.977322
0.975336
0.818148
0.901137
0.917366
1.007791
0.944037
0.999968
0.969502
0.787721
0.974025
1.070662
0.856970
1.084373
0.944293
0.896352
1.088534
0.846139
0.945833
0.984990
0.973662
0.845947
0.831127
0.943764
0.904960
1.099959
0.843869
0.928365
0.860599
1.065867
0.898292
0.959118
0.939636
0.944382
0.949333
0.923063
0.995189
0.923009
0.883065
0.950158
1.035294
0.924440
0.854561
0.980710
1.058015
0.891266
1.088336
1.053219
0.842587
1.127585
0.918523
0.989150
0.968534
1.110138
0.972002
0.880324
0.958136
0.997940
0.952054
0.860033
0.999646
0.984263
1.061128
0.953246
1.104191
1.114550
0.906408
1.004475
0.964353
0.861088
0.949503
1.049014
1.119474
1.128559
1.062152
1.135911
0.972512
1.042342
0.980192
0.939276
0.994715
0.960910
1.032213
1.140589
0.968652
0.857070
1.127638
0.881370
0.976808
0.905878
1.016461
1.019084
0.944124
0.945815
1.144392
1.034898
1.016210
0.965921
1.107919
1.067830
0.969437
1.046825
0.969606
1.141505
1.141157
0.869560
1.127661
1.071631
0.920541
1.055204
1.119357
1.028087
1.113489
1.022666
0.983962
1.020070
1.125790
1.126365
1.141938
1.144651
0.913206
0.883263
1.026529
0.901769
1.052165
0.865627
1.124726
0.961735
0.909044
1.034564
0.930899
1.022956
0.952994
1.010293
0.888622
0.977984
1.068868
1.085497
0.925427
0.926631
0.938356
0.917335
1.104586
0.906507
1.027682
0.991876
0.953386
0.925636
0.939048
1.076064
1.119743
1.045365
1.017000
1.015574
1.043602
0.922248
0.972234
0.970605
0.899270
0.946653
0.970740
0.986375
0.870329
1.005075
1.080518
1.069024
0.976723
0.830488
0.872020
0.924177
0.842080
1.001616
1.073088
0.976830
1.022420
0.890510
0.980637
1.039855
0.878271
0.842193
0.989509
0.874267
1.038960
1.071492
0.891259
0.904010
0.953016
0.797903
0.862486
0.770777
0.775408
1.009461
0.805766
1.001548
0.798355
0.811295
0.803335
0.992043
0.841656
0.961757
0.896286
0.933606
0.824264
1.011077
0.969333
0.776071
0.833073
1.003238
0.989214
0.790024
0.900137
0.909530
0.919356
0.751647
0.887550
0.780340
0.722776
0.922751
0.775953
0.868619
0.796358
0.998610
0.769526
0.840049
0.959642
0.809840
0.784864
0.741760
0.811340
0.828019
0.791242
0.721253
0.830279
0.787797
0.754636
0.884284
0.958008
0.799448
0.780228
0.809593
0.953899
0.688984
0.829725
0.657465
0.845964
0.752080
0.865736
0.643859
0.865563
0.834441
0.672226
0.848261
0.648289
0.743929
0.688723
0.898968
0.828685
0.622051
0.714682
0.783370
0.659817
0.817788
0.720918
0.826662
0.795691
0.671689
0.754541
0.840118
0.651175
0.743663
0.858871
0.841493
0.596142
0.742508
0.777271
0.811169
0.687268
0.824372
0.639891
0.769081
0.843254
0.633264
0.548193
0.789026
0.536081
0.651272
0.645545
0.545955
0.666095
0.630641
0.786012
0.733774
0.745214
0.708353
0.672845
0.784320
0.704596
0.503282
0.638852
0.723616
0.479713
0.614130
0.638818
0.688800
0.713461
0.567360
0.520538
0.472487
0.518341
0.527085
0.607329
0.716638
0.525135
0.714498
0.616836
0.575285
0.567476
0.613901
0.455094
0.521498
0.696314
0.628385
0.526390
0.413383
0.403895
0.666807
0.487321
0.573576
0.670976
0.456802
0.598536
0.600807
0.417295
0.454177
0.453115
0.653446
0.632534
0.579136
0.447968
0.493831
0.530902
0.528078
0.546715
0.492781
0.413861
0.538191
0.591166
0.376174
0.324407
0.420144
0.421741
0.349067
0.586131
0.299580
0.462333
0.366271
0.490667
0.323475
0.460967
0.549050
0.458843
0.462300
0.495868
0.447145
0.397812
0.453242
0.419723
0.468476
0.370165
0.398774
0.240707
0.316357
0.473211
0.430944
0.271743
0.224434
0.467877
0.266125
0.367602
0.386575
0.389639
0.448605
0.191444
0.235342
0.271102
0.405149
0.330700
0.276735
0.420596
0.314167
0.323727
0.242432
0.267644
0.312000
0.317883
0.265535
0.114131
0.141652
0.360120
0.349506
0.302013
0.156816
0.306322
0.211155
0.362592
0.158140
0.146272
0.092788
0.229913
0.219225
0.150870
0.215259
0.068656
0.160339
0.087517
0.184793
0.123256
0.155174
0.116264
0.234731
0.177066
0.087617
0.025938
0.177977
0.272100
0.197785
0.056646
0.130369
0.207553
0.228534
0.142914
0.110731
0.172780
0.201905
-0.031574
-0.056806
0.202388
0.040280
0.227776
0.163765
0.120721
-0.048083
-0.045282
0.174930
-0.051433
0.053685
0.052065
0.091904
0.036804
-0.001443
0.048587
0.053627
0.063376
0.076698
0.065934
-0.049399
0.130435
-0.110649
-0.119494
-0.146047
-0.032970
0.081127
-0.119509
0.037826
0.060125
0.103576
0.061110
-0.164952
-0.154752
0.067627
-0.092703
-0.082918
-0.127396
-0.038080
-0.020733
0.020015
0.013305
-0.087645
-0.212652
-0.137029
-0.140793
-0.071157
-0.222632
-0.173605
-0.046283
-0.098331
-0.058777
-0.009849
-0.103378
-0.225493
-0.279262
-0.032812
-0.264317
-0.175291
-0.254848
-0.276754
-0.131846
-0.317322
-0.248302
-0.122945
-0.119965
-0.235650
-0.076595
-0.140987
-0.091847
-0.095543
-0.069369
-0.286473
-0.279615
-0.239194
-0.355929
-0.262733
-0.212449
-0.284781
-0.304955
-0.196997
-0.198913
-0.387719
-0.309528
-0.220325
-0.320798
-0.233355
-0.359544
-0.294555
-0.386180
-0.405654
-0.450277
-0.442985
-0.338277
-0.444716
-0.286138
-0.451686
-0.437616
-0.312783
-0.250869
-0.230618
-0.424315
-0.211182
-0.260261
-0.443220
-0.295301
-0.384745
-0.255168
-0.445870
-0.333963
-0.230219
-0.291684
-0.441626
-0.455587
-0.440368
-0.406493
-0.378683
-0.549676
-0.431008
-0.285526
-0.315683
-0.564043
-0.376378
-0.372019
-0.299115
-0.427585
-0.311397
-0.410086
-0.523094
-0.468066
-0.383122
-0.599176
-0.405086
-0.465902
-0.479786
-0.402176
-0.379593
-0.568243
-0.427799
-0.553792
-0.355345
-0.560485
-0.631279
-0.521752
-0.381018
-0.404393
-0.549113
-0.388780
-0.500046
-0.417683
-0.609019
-0.445326
-0.468798
-0.651977
-0.612713
-0.478856
-0.608972
-0.458109
-0.457704
-0.544643
-0.492305
-0.513511
-0.488081
-0.689927
-0.577224
-0.691503
-0.531532
-0.650030
-0.691343
-0.652559
-0.513140
-0.556706
-0.652160
-0.640680
-0.557455
-0.667200
-0.645206
-0.590611
-0.507344
-0.721820
-0.721124
-0.787884
-0.754245
-0.593813
-0.795395
-0.752855
-0.606559
-0.767476
-0.774017
-0.672646
-0.668062
-0.676283
-0.604798
-0.706650
-0.775957
-0.655579
-0.767697
-0.705574
-0.779392
-0.682592
-0.622174
-0.737281
-0.673500
-0.569388
-0.613518
-0.724663
-0.676517
-0.702772
-0.780861
-0.767867
-0.826463
-0.591556
-0.643577
-0.695801
-0.817366
-0.841507
-0.901713
-0.844410
-0.738128
-0.788710
-0.840279
-0.881001
-0.770980
-0.626745
-0.863679
-0.630524
-0.836022
-0.647953
-0.907593
-0.890852
-0.669149
-0.713442
-0.936345
-0.893580
-0.745471
-0.884307
-0.819220
-0.685867
-0.678758
-0.856716
-0.759528
-0.804100
-0.930464
-0.861797
-0.753506
-0.707847
-0.818354
-0.880962
-0.980742
-0.820355
-0.844183
-0.964559
-0.875506
-0.964553
-0.921077
-0.913729
-0.709230
-0.964719
-0.985073
-0.772615
-0.860347
-0.824178
-0.993003
-0.890210
-1.009597
-0.937888
-0.755008
-0.908458
-0.818000
-0.867516
-0.989221
-0.845925
-0.843065
-0.836568
-0.765449
-0.823935
-1.019025
-0.803305
-0.871468
-1.012959
-1.012911
-0.776762
-0.849413
-0.761967
-0.935048
-0.858225
-0.863124
-0.903655
-0.817759
-0.995635
-1.020824
-1.012217
-0.865404
-1.001655
-0.815072
-0.983442
-0.847188
-0.855400
-1.072436
-0.960777
-0.919410
-0.823987
-0.819593
-0.933093
-0.872943
-0.884553
-1.018709
-0.873730
-0.944074
-0.830447
-0.957043
-1.066785
-0.880855
-0.884454
-1.013862
-0.823961
-1.056254
-0.940821
-0.985990
-1.041355
-1.042065
-0.901281
-0.850015
-0.978660
-1.037334
-1.030327
-1.095555
-0.853053
-0.878909
-0.934646
-0.880819
-0.922333
-1.046741
-1.014914
-1.058611
-0.832325
-0.870754
-1.014036
-1.026468
-1.021308
-1.008374
-0.960958
-1.120112
-1.130704
-0.900284
-0.926756
-1.098077
-1.061334
-0.983689
-1.027940
-1.016779
-0.866960
-1.103105
-0.979291
-0.848842
-1.100811
-0.867416
-1.140100
-1.092341
-1.090538
-1.096513
-0.987804
-0.997653
-1.009613
-1.023938
-0.963479
-0.975200
-1.049471
-0.886482
-1.002078
-1.056843
-0.956671
-0.957303
-0.876083
-0.987932
-0.894462
-1.141876
-0.879884
-0.916700
-1.041904
-1.037603
-0.938805
-1.111174
-0.896244
-0.966905
-0.955225
-0.915559
-1.017982
-1.062187
-0.999617
-1.004654
-1.096343
-1.141546
-1.097250
-0.894857
-0.849223
-1.033762
-1.035654
-1.140081
-0.850677
-0.864979
-0.975568
-0.984871
-0.938075
-0.913308
-0.956199
-0.960514
-0.883979
-1.068417
-0.886396
-0.877230
-1.055448
-1.036806
-1.085805
-0.866898
-0.961009
-1.057915
-0.891947
-0.956807
-0.885329
-1.033854
-0.905212
-0.982385
-0.950294
-0.942365
-1.012600
-0.957049
-0.989587
-1.035011
-1.109025
-0.984390
-0.956414
-1.093794
-1.005782
-1.058360
-1.099559
-0.905667
-0.913585
-0.970980
-0.963135
-0.924741
-0.999222
-0.920737
-0.887281
-1.078662
-0.962825
-0.909493
-0.825121
-0.920099
-0.878950
-1.084491
-0.810380
-0.916334
-0.805268
-0.894945
-0.924693
-0.933598
-1.081296
-0.911426
-0.873160
-1.026408
-1.023104
-1.003192
-0.928369
-0.935977
-0.950841
-0.868054
-0.812027
-0.782423
-0.969972
-0.980144
-1.028994
-1.053458
-0.949126
-0.918429
-0.951549
-0.789950
-1.055397
-1.050019
-0.854753
-0.808233
-0.830023
-1.043772
-0.981791
-0.812992
-0.756133
-0.953464
-0.919059
-0.925423
-0.875427
-0.774211
-0.870926
-0.742254
-0.749112
-0.758475
-0.834279
-0.736322
-0.853646
-0.902628
-1.005134
-0.880908
-0.970333
-0.864431
-0.867009
-0.715626
-1.006478
-0.803241
-0.993416
-0.770016
-0.910314
-0.767479
-0.990378
-0.831886
-0.861571
-0.835534
-0.851573
-0.900569
-0.828421
-0.927304
-0.948703
-0.879229
-0.791758
-0.699858
-0.931602
-0.949860
-0.676719
-0.729401
-0.803873
-0.843497
-0.743778
-0.906278
-0.775947
-0.640721
-0.782728
-0.892497
-0.810379
-0.839862
-0.708450
-0.709163
-0.689686
-0.836095
-0.667009
-0.704844
-0.653750
-0.850521
-0.639397
-0.900901
-0.791491
-0.733248
-0.813975
-0.793224
-0.686982
-0.794630
-0.725392
-0.814262
-0.861145
-0.669732
-0.829931
-0.841160
-0.579915
-0.645023
-0.719513
-0.834272
-0.743502
-0.702191
-0.717996
-0.733632
-0.699211
-0.541357
-0.805168
-0.543701
-0.816673
-0.530511
-0.557810
-0.587888
-0.700568
-0.681117
-0.507039
-0.604496
-0.682636
-0.593424
-0.689632
-0.728632
-0.554901
-0.718059
-0.606478
-0.578894
-0.744093
-0.541911
-0.644996
-0.756240
-0.489830
-0.500667
-0.648475
-0.556466
-0.632656
-0.456568
-0.493165
-0.471556
-0.670595
-0.625900
-0.633402
-0.532512
-0.694449
-0.663271
-0.623904
-0.495618
-0.416558
-0.640024
-0.603764
-0.679926
-0.541353
-0.498675
-0.559730
-0.525367
-0.584253
-0.399750
-0.440209
-0.445551
-0.600027
-0.630339
-0.554335
-0.351357
-0.436297
-0.597176
-0.546297
-0.580655
-0.492499
-0.400874
-0.323892
-0.530732
-0.493426
-0.494288
-0.364391
-0.459160
-0.570720
-0.438313
-0.401670
-0.390276
-0.441547
-0.412152
-0.425947
-0.380207
-0.304579
-0.459473
-0.453320
-0.376413
-0.345883
-0.448423
-0.530521
-0.248985
-0.489130
-0.475011
-0.446682
-0.282415
-0.300545
-0.495020
-0.244233
-0.461199
-0.372938
-0.377193
-0.344646
-0.213579
-0.205028
-0.377710
-0.396650
-0.249242
-0.279462
-0.335191
-0.373228
-0.267764
-0.357712
-0.287123
-0.284495
-0.265273
-0.230985
-0.220645
-0.161972
-0.320322
-0.133307
-0.245323
-0.269273
-0.298493
-0.140576
-0.376196
-0.169771
-0.170677
-0.357832
-0.213048
-0.122870
-0.089595
-0.319026
-0.085255
-0.194320
-0.278219
-0.198409
-0.220197
-0.048513
-0.269156
-0.245953
-0.161813
-0.275166
-0.201315
-0.178562
-0.112862
-0.226052
-0.021928
-0.195340
-0.054672
-0.071201
-0.017010
-0.028785
-0.131903
-0.106313
-0.131043
-0.124972
-0.241630
-0.006581
-0.080393
-0.090921
0.012284
-0.170848
-0.059300
-0.153642
-0.050155
-0.127753
-0.052994
-0.096851
-0.202254
0.053443
-0.114370
-0.057686
-0.137419
0.032972
-0.142362
0.108185
-0.083249
-0.117379
0.105572
-0.082533
0.127336
