-0.039488
0.080233
-0.092085
0.014273
0.066071
0.053416
-0.109559
0.041055
-0.044166
-0.023330
-0.016658
0.107385
0.190487
0.140204
0.164119
0.080817
0.140684
0.110356
0.070214
0.096631
0.153998
-0.037266
-0.042980
0.096028
0.187341
0.102027
0.034205
0.036060
0.257845
0.096052
0.080586
0.223270
0.035569
0.261185
0.101081
0.102586
0.241951
0.186389
0.149180
0.232479
0.302293
0.105556
0.128274
0.324948
0.066084
0.258354
0.119594
0.258791
0.156522
0.240630
0.288394
0.289080
0.350671
0.371412
0.157804
0.222447
0.209519
0.267918
0.278238
0.203467
0.370325
0.264868
0.252163
0.296158
0.338225
0.379279
0.174156
0.338136
0.350226
0.413118
0.399101
0.360767
0.390254
0.169761
0.392502
0.354946
0.180569
0.318945
0.195365
0.238874
0.289291
0.423516
0.336409
0.433165
0.395428
0.422336
0.247669
0.382180
0.444514
0.302836
0.268329
0.474281
0.333654
0.298416
0.388899
0.325535
0.461286
0.529589
0.528242
0.512789
0.387897
0.374598
0.284669
0.416022
0.414940
0.312264
0.530712
0.317883
0.518499
0.516333
0.324983
0.498423
0.386461
0.554802
0.557156
0.598733
0.506556
0.475473
0.477300
0.369915
0.370529
0.444321
0.533714
0.425376
0.648365
0.437242
0.478802
0.621786
0.464455
0.557555
0.532549
0.620550
0.617409
0.644829
0.563734
0.606674
0.417417
0.466104
0.434818
0.466746
0.563532
0.667449
0.508819
0.550403
0.734650
0.705102
0.701770
0.526399
0.632454
0.686791
0.526941
0.546909
0.549863
0.713077
0.626554
0.707632
0.777075
0.497844
0.607952
0.779438
0.695660
0.747372
0.537196
0.599801
0.739985
0.744332
0.781832
0.624423
0.750648
0.646418
0.610939
0.786635
0.693122
0.731235
0.673611
0.698090
0.832792
0.552388
0.558633
0.616739
0.625108
0.760947
0.608991
0.726537
0.737412
0.689106
0.640707
0.760219
0.647722
0.640096
0.602360
0.780386
0.713819
0.873357
0.840927
0.668019
0.733150
0.739561
0.822133
0.698502
0.881510
0.762102
0.816442
0.809841
0.722144
0.671664
0.723674
0.697720
0.664142
0.714846
0.692757
0.899399
0.880674
0.788367
0.857280
0.753281
0.805883
0.734627
0.901526
0.696325
0.849636
0.899007
0.935635
0.845989
0.814445
0.976580
0.973688
0.702220
0.771357
0.970179
0.728198
0.770362
0.752552
0.852031
0.933350
0.763897
0.882291
0.889735
0.996689
0.986978
0.998425
0.763197
0.991851
0.806106
0.948138
0.931436
0.911910
0.937237
0.743826
0.829302
0.979431
0.819279
1.038819
1.026551
0.834324
1.037345
0.902614
0.935684
0.812250
0.860492
1.036203
0.951948
0.805759
0.831640
0.800477
1.045980
0.928542
0.868405
0.811597
1.039415
0.907289
0.900000
0.896641
0.819566
0.871702
0.878662
0.966589
0.844035
1.025618
0.889548
0.793250
1.003547
1.058422
0.848742
1.033307
0.977418
1.008761
1.091180
0.985638
0.935133
0.807295
1.035477
0.996777
0.897651
0.891905
0.831883
1.084873
1.078985
0.938420
1.102467
1.054059
0.829428
0.956053
1.048220
0.882108
1.103034
1.059275
1.064083
1.050452
0.849551
0.827391
0.932537
0.943308
0.925149
0.908866
1.050628
1.073844
0.856715
0.948057
1.075832
0.867993
1.039095
0.899798
0.975009
1.032652
1.067050
0.872435
1.055009
0.995496
1.064454
0.863898
1.045209
1.064133
0.879851
1.069393
0.955737
0.911216
0.920370
0.937801
1.080529
0.855004
1.141646
1.003371
1.011344
1.035058
0.967911
0.989171
0.975129
0.985744
1.090961
0.892490
0.940318
0.887746
1.139803
0.869503
0.911346
0.923603
1.044424
1.029023
1.124894
1.057578
1.134588
0.864724
0.950470
1.119683
1.141902
0.851444
0.876869
0.895496
0.946898
0.922658
1.141755
0.920371
1.140672
1.124044
0.951417
0.889592
1.080370
1.097142
0.960023
0.967539
0.874254
0.911117
1.109362
0.940326
0.959689
1.128088
0.973234
1.020981
1.056856
1.062894
1.061089
0.995095
1.074768
0.880627
0.892600
1.094181
1.049950
0.893801
1.017339
0.905615
0.867373
1.047219
1.014423
0.979344
1.088227
1.012526
1.010475
0.952200
1.033570
0.877110
0.878152
1.091182
0.985470
1.030148
1.027192
0.854605
0.862877
0.895976
1.027006
1.033678
1.097682
0.820687
0.946379
1.058463
0.967235
1.099539
0.989699
0.964986
0.972804
1.060778
1.051091
0.852283
0.892464
0.842435
0.833841
0.998678
1.047662
0.845121
0.899882
0.902406
0.825132
0.846817
1.034875
1.025514
1.066652
0.909684
0.909145
1.063470
0.855875
0.850001
0.811493
1.065387
0.771908
0.919340
0.929074
0.899786
1.031747
0.847608
0.834190
0.964987
0.919827
0.866411
0.971948
0.802652
0.910884
0.832097
1.000108
1.018022
0.987897
0.815605
0.978053
0.879159
0.910362
0.900637
0.823643
0.753880
0.944541
1.000812
0.855425
0.924390
0.828874
0.932240
0.755731
0.987811
0.784941
0.741605
0.852316
0.791529
0.887649
0.898025
0.971327
0.931113
0.888969
0.684232
0.895233
0.828578
0.814542
0.883258
0.831962
0.708497
0.939243
0.939383
0.870858
0.771234
0.703399
0.740996
0.946413
0.874549
0.874202
0.648628
0.823887
0.705436
0.708539
0.882440
0.892791
0.711046
0.841581
0.757772
0.743328
0.825504
0.770242
0.836783
0.815087
0.629095
0.773397
0.878465
0.645859
0.846375
0.672101
0.868218
0.813983
0.591533
0.848706
0.656673
0.801685
0.853132
0.743482
0.623968
0.657968
0.603783
0.759954
0.738523
0.608823
0.595773
0.729460
0.795434
0.709421
0.633973
0.769458
0.728690
0.574224
0.655078
0.627066
0.529599
0.714447
0.609643
0.772723
0.590826
0.784191
0.511425
0.620695
0.759022
0.584076
0.650111
0.639072
0.743064
0.598155
0.729817
0.722798
0.716632
0.462659
0.734283
0.743215
0.584619
0.504808
0.622461
0.582708
0.580279
0.573336
0.461076
0.565000
0.487576
0.606709
0.439061
0.425986
0.524266
0.633340
0.459272
0.516945
0.569509
0.434652
0.410177
0.485297
0.515745
0.476800
0.649702
0.593319
0.435205
0.480577
0.402883
0.453582
0.467955
0.434299
0.392595
0.541298
0.506022
0.561900
0.483717
0.353644
0.551898
0.588650
0.548081
0.587175
0.523935
0.430454
0.567095
0.300724
0.579340
0.355696
0.305524
0.333904
0.338202
0.404796
0.272775
0.464887
0.372211
0.258611
0.380353
0.313698
0.498777
0.414924
0.405258
0.226433
0.303721
0.455912
0.347037
0.358252
0.443645
0.231461
0.399782
0.217088
0.341356
0.424533
0.263213
0.298392
0.441300
0.276705
0.458772
0.370454
0.252459
0.393521
0.334395
0.340615
0.143358
0.150710
0.313108
0.154666
0.167397
0.384674
0.158526
0.126807
0.220444
0.272199
0.318031
0.323142
0.317449
0.220343
0.367726
0.136083
0.075898
0.337220
0.346702
0.237887
0.316519
0.111618
0.208885
0.138978
0.184227
0.093714
0.045102
0.029320
0.302896
0.140198
0.096904
0.198599
0.036836
0.225416
0.139791
0.117270
0.275981
0.226957
0.046969
0.209565
0.147875
0.235026
0.115049
0.080304
0.011144
-0.054867
-0.062800
0.189070
-0.055479
0.183319
0.140164
0.206629
0.018873
0.060714
-0.026709
0.194483
0.184614
-0.012632
0.148224
0.162468
-0.008947
0.028075
0.023738
0.023973
0.113273
-0.036701
-0.019299
-0.084128
-0.033355
-0.024140
-0.163230
-0.055994
0.066644
-0.104921
-0.011691
-0.043205
0.084424
-0.107344
-0.046635
-0.162576
0.013487
-0.090139
-0.140400
-0.078529
-0.079758
-0.061922
-0.097745
-0.146548
-0.205441
-0.030852
-0.137623
-0.178096
-0.096588
-0.001304
-0.032545
-0.060174
-0.200174
-0.247978
-0.044237
-0.211442
-0.167782
-0.210066
-0.159497
-0.166219
-0.306365
-0.174879
-0.286990
-0.210992
-0.108846
-0.263123
-0.139941
-0.181492
-0.073271
-0.313933
-0.167796
-0.221190
-0.295930
-0.224260
-0.206501
-0.371891
-0.252808
-0.247756
-0.108993
-0.162582
-0.390847
-0.209058
-0.115800
-0.150264
-0.344945
-0.154786
-0.273509
-0.137410
-0.403251
-0.173677
-0.339339
-0.409925
-0.316344
-0.340327
-0.168850
-0.451670
-0.408287
-0.406493
-0.267870
-0.193283
-0.284486
-0.237049
-0.287210
-0.250839
-0.377395
-0.385944
-0.420068
-0.459184
-0.506862
-0.424249
-0.272510
-0.479981
-0.254650
-0.395032
-0.339848
-0.397633
-0.334785
-0.305095
-0.332006
-0.501675
-0.308506
-0.465536
-0.439084
-0.366681
-0.518717
-0.401133
-0.430877
-0.498100
-0.377249
-0.383154
-0.347296
-0.588679
-0.345886
-0.374843
-0.408909
-0.618034
-0.528995
-0.525306
-0.506543
-0.493675
-0.512843
-0.628581
-0.640866
-0.525530
-0.623262
-0.549969
-0.543129
-0.601205
-0.597690
-0.608967
-0.419991
-0.657890
-0.455391
-0.401129
-0.459324
-0.650886
-0.449153
-0.692347
-0.536693
-0.493643
-0.658457
-0.701955
-0.550095
-0.690719
-0.601130
-0.730839
-0.641698
-0.519938
-0.685103
-0.717501
-0.475708
-0.709013
-0.641448
-0.561630
-0.526773
-0.733020
-0.494650
-0.734451
-0.560828
-0.722233
-0.607309
-0.724588
-0.671742
-0.597401
-0.670378
-0.615809
-0.585132
-0.636581
-0.607618
-0.518448
-0.521783
-0.542812
-0.794615
-0.667695
-0.576246
-0.813862
-0.718556
-0.542343
-0.687667
-0.602947
-0.703019
-0.597272
-0.797839
-0.666149
-0.580755
-0.646278
-0.865389
-0.682334
-0.827724
-0.699549
-0.705640
-0.825487
-0.723339
-0.677800
-0.637034
-0.830666
-0.824988
-0.654486
-0.873148
-0.765188
-0.842866
-0.747483
-0.625565
-0.902701
-0.825327
-0.821851
-0.796185
-0.851623
-0.773865
-0.653838
-0.717272
-0.934673
-0.734443
-0.651916
-0.808174
-0.769890
-0.875180
-0.885860
-0.833150
-0.728925
-0.890917
-0.904560
-0.764299
-0.691503
-0.866695
-0.797730
-0.962219
-0.783535
-0.712230
-0.971799
-0.905683
-0.693260
-0.895803
-0.902386
-0.847700
-0.933141
-0.990040
-0.920077
-0.789141
-0.922956
-0.776377
-0.966380
-0.907061
-0.885708
-0.844748
-0.912030
-0.964483
-0.871627
-0.808884
-1.030343
-0.813466
-0.767938
-0.846535
-0.976246
-0.891918
-0.905827
-0.750983
-0.807016
-0.957374
-0.908112
-0.937807
-0.873524
-0.817516
-0.870716
-0.993029
-0.911151
-0.851602
-0.829209
-1.018212
-0.855780
-0.858558
-0.907797
-1.062139
-0.879079
-1.068530
-1.048326
-0.944249
-0.871069
-0.974072
-0.871253
-0.790400
-0.847663
-0.963848
-0.830904
-0.988582
-0.856197
-0.990168
-1.057901
-0.879364
-0.939122
-0.854669
-0.847055
-0.972353
-0.890188
-0.850288
-0.810259
-0.877941
-1.100546
-0.883314
-0.946417
-0.838097
-0.973092
-1.057475
-1.083693
-0.872197
-0.994033
-0.825774
-0.888030
-0.951292
-1.098441
-0.994037
-1.079270
-0.832862
-0.904077
-0.842082
-1.010401
-0.861784
-1.041767
-1.128995
-0.989488
-1.119958
-1.132722
-0.928108
-0.955496
-1.081959
-1.088403
-1.003685
-0.943816
-1.111010
-1.127746
-0.980095
-1.118007
-0.874181
-0.920266
-0.908120
-1.030634
-0.929576
-1.004547
-0.964062
-0.935491
-1.102876
-0.993038
-1.028936
-0.961836
-1.145052
-0.930740
-1.066487
-0.924879
-1.004576
-1.120790
-1.019303
-0.952182
-1.001363
-1.033504
-1.063490
-0.933081
-1.015568
-0.937036
-0.972196
-1.143835
-0.936098
-1.049459
-1.142582
-1.075993
-0.952324
-1.103424
-1.141955
-1.005237
-1.141116
-0.944092
-1.027793
-1.124846
-0.962446
-1.088317
-0.968974
-1.083545
-0.857216
-1.132446
-1.039104
-1.135350
-1.005511
-1.006210
-1.071945
-0.872398
-1.076067
-1.067788
-1.109553
-0.872048
-1.070073
-0.950216
-0.995774
-1.081495
-1.008032
-0.913300
-1.075285
-0.911521
-1.066714
-1.022182
-0.949700
-0.953717
-1.084084
-1.041888
-1.036615
-0.929322
-1.118297
-1.121195
-0.881197
-0.948109
-1.013617
-0.938059
-0.874731
-0.863475
-0.924352
-0.853682
-0.911640
-1.012329
-0.943392
-1.013718
-1.113702
-0.933715
-0.830901
-0.838718
-0.881729
-1.104950
-1.010777
-1.046555
-1.018710
-0.836345
-0.876252
-0.862162
-1.101373
-0.903126
-1.057759
-1.063021
-0.906342
-1.056163
-1.049666
-0.948724
-0.966290
-0.837619
-0.904690
-1.077860
-1.034263
-0.948596
-1.073973
-0.885506
-0.941475
-0.979095
-0.918463
-0.905192
-0.893377
-0.860829
-0.888709
-0.854401
-1.011042
-0.946364
-0.854087
-0.880960
-0.899655
-0.835262
-0.939814
-0.874645
-0.904741
-1.043894
-0.949879
-0.883782
-1.043951
-0.907431
-0.799570
-0.826676
-0.976833
-1.037966
-0.747250
-0.994838
-0.777996
-0.985111
-0.952064
-0.895810
-0.854711
-0.943116
-0.728317
-0.721919
-0.720518
-0.762815
-0.942387
-0.887146
-0.732396
-0.920439
-0.960699
-0.725231
-0.716956
-0.756305
-0.934729
-0.750664
-0.780972
-0.704034
-0.732821
-0.957900
-0.707943
-0.864121
-0.726815
-0.693759
-0.954594
-0.848186
-0.748654
-0.832206
-0.682056
-0.672594
-0.671642
-0.836234
-0.732407
-0.710431
-0.823539
-0.713104
-0.810819
-0.734107
-0.878017
-0.766998
-0.634619
-0.887325
-0.741907
-0.888080
-0.719076
-0.687666
-0.868334
-0.780863
-0.682519
-0.705153
-0.680024
-0.780477
-0.605053
-0.836576
-0.734025
-0.682434
-0.736031
-0.799242
-0.612233
-0.595680
-0.820963
-0.619922
-0.767518
-0.820710
-0.669888
-0.762743
-0.643424
-0.706018
-0.567079
-0.797847
-0.717086
-0.591387
-0.816522
-0.823854
-0.663405
-0.543928
-0.732079
-0.806119
-0.732670
-0.514488
-0.732604
-0.541080
-0.757105
-0.709252
-0.660212
-0.575408
-0.538703
-0.572393
-0.602745
-0.561688
-0.720907
-0.670210
-0.702728
-0.758179
-0.757553
-0.648010
-0.719337
-0.502269
-0.678303
-0.582873
-0.735937
-0.489151
-0.717936
-0.453059
-0.493580
-0.671683
-0.708391
-0.572661
-0.459712
-0.439697
-0.526323
-0.551624
-0.536102
-0.400261
-0.467612
-0.556598
-0.493689
-0.598483
-0.422946
-0.472424
-0.528590
-0.472299
-0.626286
-0.444760
-0.585334
-0.495899
-0.493099
-0.612722
-0.570362
-0.463791
-0.387527
-0.382738
-0.335876
-0.318952
-0.517905
-0.527485
-0.449598
-0.589689
-0.355350
-0.542185
-0.492732
-0.416429
-0.337447
-0.557157
-0.328932
-0.361903
-0.327715
-0.297821
-0.275297
-0.263529
-0.472087
-0.445673
-0.360485
-0.296322
-0.386208
-0.487681
-0.429618
-0.266750
-0.400391
-0.307382
-0.355405
-0.212868
-0.200840
-0.257357
-0.393686
-0.442579
-0.382387
-0.304395
-0.421031
-0.369317
-0.224736
-0.196368
-0.415106
-0.409721
-0.252601
-0.197767
-0.323967
-0.433836
-0.431520
-0.283753
-0.338298
-0.137829
-0.225096
-0.404853
-0.387176
-0.177883
-0.219009
-0.131793
-0.173471
-0.200847
-0.237983
-0.285788
-0.331505
-0.331161
-0.269224
-0.138808
-0.222656
-0.245477
-0.163701
-0.133561
-0.205220
-0.203161
-0.199426
-0.159495
-0.029362
-0.170662
-0.098330
-0.064067
-0.271713
-0.278449
-0.132529
-0.062533
-0.044540
0.014851
-0.031632
-0.099623
0.010102
-0.213618
-0.036338
-0.158399
0.028831
-0.095420
-0.183771
-0.005726
0.051865
0.060154
0.052591
0.047248
0.048739
0.075675
-0.091272
-0.161611
0.035201
-0.178633
-0.191260
-0.172315
0.012751
0.001597
0.105223
-0.119199
0.061722
-0.086488
0.016486
-0.109483
