0.114838
-0.107329
0.121675
0.001497
-0.032691
-0.003261
-0.044092
-0.016857
-0.060601
-0.071811
-0.005629
0.006398
0.035239
0.113370
0.140315
0.035902
-0.079633
0.201522
-0.037926
-0.055221
0.192942
0.075500
0.235630
0.141802
0.002973
0.112224
0.153388
0.161744
0.198134
0.110393
0.214247
0.192966
0.090689
0.111051
0.032275
0.207288
0.108135
0.218313
0.173907
0.313077
0.187835
0.194924
0.144870
0.290588
0.302118
0.222469
0.073847
0.216222
0.086967
0.147302
0.075317
0.284349
0.235351
0.100652
0.227147
0.310660
0.351371
0.329145
0.386747
0.117469
0.355587
0.402660
0.201800
0.349048
0.248800
0.347713
0.198125
0.320272
0.210938
0.426094
0.304714
0.395019
0.376749
0.291352
0.371520
0.352057
0.274009
0.263322
0.373646
0.477566
0.469167
0.325039
0.457729
0.310407
0.357934
0.314608
0.394378
0.431164
0.289927
0.472381
0.322466
0.523655
0.251295
0.405018
0.487687
0.498818
0.473837
0.417984
0.365484
0.530138
0.340473
0.464210
0.466649
0.556266
0.483596
0.370729
0.574035
0.323342
0.441374
0.596956
0.326542
0.552800
0.509753
0.417748
0.502609
0.494309
0.600325
0.628534
0.501902
0.424177
0.530322
0.561229
0.406161
0.421966
0.452330
0.501560
0.636608
0.547992
0.538446
0.473178
0.543771
0.576642
0.491534
0.579972
0.418297
0.529154
0.678058
0.565142
0.512182
0.616689
0.555223
0.662801
0.557240
0.570642
0.663971
0.460498
0.586453
0.546800
0.500443
0.603021
0.688212
0.629306
0.691959
0.530959
0.545452
0.756619
0.584052
0.677193
0.688791
0.526820
0.522927
0.722657
0.719012
0.555349
0.676831
0.521045
0.562671
0.661009
0.546522
0.735570
0.624274
0.824553
0.754274
0.762503
0.766385
0.568249
0.714127
0.814201
0.563595
0.637975
0.806374
0.774621
0.851785
0.855008
0.834954
0.703435
0.755306
0.850865
0.782783
0.808753
0.646238
0.654889
0.659613
0.753986
0.882682
0.891858
0.832552
0.658193
0.671164
0.840028
0.633472
0.872034
0.888054
0.718346
0.691875
0.824793
0.738185
0.736032
0.750827
0.694481
0.902965
0.852678
0.679584
0.703659
0.852614
0.675447
0.882451
0.879312
0.732494
0.778901
0.707789
0.775236
0.743193
0.960560
0.945018
0.703739
0.750626
0.958289
0.851570
0.800515
0.945855
0.854333
0.824879
0.947919
0.852000
0.887193
0.789656
0.716503
0.771052
0.961452
0.817031
0.943913
0.953468
0.828712
1.004633
0.855565
0.869150
0.894576
0.756979
0.794069
0.882147
0.924838
0.897388
0.839985
0.979795
0.775267
0.913852
0.974173
0.938783
0.868158
0.985930
0.768863
0.763137
0.926176
0.838859
0.820051
0.783618
0.809419
0.892179
0.941556
0.893995
0.806563
0.968638
1.007125
0.815749
0.974194
0.892720
1.036214
0.870570
1.011601
1.018350
0.855554
0.966061
1.047641
0.851325
1.062981
1.020961
0.962862
0.830682
1.015531
0.900417
1.016724
0.870338
0.937432
1.105900
1.104365
0.912319
0.937108
0.850178
0.996901
0.898068
0.979666
0.820794
0.979258
0.981435
0.894868
0.964885
1.074508
0.921433
0.890299
1.010798
1.081902
0.880822
0.893585
0.832850
1.056397
0.897584
0.967276
0.869772
1.064646
0.907499
1.071110
0.906659
0.997300
1.125549
1.088099
0.854491
0.840179
0.923727
1.004150
1.038667
1.029568
1.068271
0.915416
0.888576
1.004065
0.986607
0.890177
1.093563
1.012812
1.013128
1.010091
1.079075
1.115991
1.093520
0.924420
1.048435
0.901423
1.046310
0.851039
1.096224
1.113985
0.999839
0.935484
0.880110
1.125379
0.879055
0.869824
1.107613
0.897811
0.956880
0.880896
1.008391
1.082607
0.928542
0.948880
0.858724
1.065225
0.963777
1.006620
0.981473
1.109696
0.880432
0.991466
0.917848
0.921304
0.903969
0.906491
0.893496
1.053714
0.951468
0.931049
0.930362
0.975658
0.885724
0.893775
0.872468
1.120711
1.011539
1.046237
0.976467
1.111061
0.970104
1.022129
1.055789
0.928439
0.967151
1.116656
0.960849
1.066677
1.123335
0.957616
1.037068
1.053021
0.884729
1.088022
0.959117
1.123128
0.906546
0.863256
0.860231
0.846147
0.866727
0.971262
0.846281
0.916369
1.081736
0.844750
1.016231
0.820765
0.863315
0.943986
1.012428
0.919534
1.100722
0.846049
0.964334
0.928412
1.081737
1.054348
0.968531
1.016756
0.966243
0.823451
0.799354
1.091672
0.817741
1.076006
1.088396
0.995914
1.023626
1.019749
1.007439
0.843342
0.844524
0.837530
0.917793
1.042555
0.978044
1.024922
1.037414
0.978424
0.886477
0.958411
0.920765
0.845669
0.914786
0.842502
0.772069
0.900460
0.820662
0.824106
0.862042
0.788543
0.991883
0.940782
0.900974
1.039253
0.960987
0.919045
0.772379
0.814691
1.020201
0.746785
0.779923
0.835731
0.999566
0.999265
0.918957
0.990183
0.732671
0.749170
0.770927
0.822624
0.843731
0.780835
0.778833
0.885778
0.863159
0.878389
0.834647
0.892876
0.956741
0.844398
0.952587
0.688276
0.734844
0.755772
0.830449
0.767949
0.796665
0.847492
0.912977
0.728208
0.699729
0.689423
0.901954
0.739901
0.793633
0.924200
0.721394
0.910156
0.848162
0.888075
0.855525
0.729949
0.747845
0.690084
0.880207
0.702650
0.902999
0.651445
0.779258
0.751593
0.610744
0.723219
0.781315
0.650120
0.770534
0.676710
0.637261
0.820725
0.833810
0.868769
0.638797
0.713478
0.655204
0.569008
0.618166
0.567519
0.709007
0.774281
0.595189
0.795129
0.711728
0.706310
0.662713
0.740899
0.692430
0.643225
0.793325
0.820111
0.564491
0.747940
0.616716
0.759686
0.712661
0.571909
0.733781
0.562711
0.639181
0.604470
0.706795
0.647639
0.522932
0.659384
0.729561
0.487894
0.685186
0.707253
0.589277
0.628827
0.683303
0.629171
0.709205
0.706019
0.467678
0.512175
0.695986
0.484653
0.719304
0.620476
0.508048
0.578339
0.591386
0.643094
0.547784
0.601297
0.616225
0.534275
0.388105
0.431389
0.550742
0.455275
0.630394
0.526673
0.660361
0.576145
0.431981
0.584367
0.639670
0.355627
0.538200
0.481436
0.481350
0.334658
0.373585
0.540611
0.519086
0.471343
0.485332
0.492474
0.571466
0.327127
0.405652
0.410562
0.360110
0.353397
0.321192
0.304074
0.300740
0.429110
0.280636
0.270890
0.530748
0.344298
0.338633
0.324989
0.427968
0.482002
0.402617
0.502902
0.303924
0.242453
0.427043
0.466488
0.425463
0.321639
0.304808
0.292691
0.420486
0.238141
0.381039
0.297660
0.250714
0.415776
0.377910
0.255496
0.244847
0.164928
0.335868
0.352748
0.282964
0.160434
0.413777
0.167902
0.186091
0.408984
0.241939
0.371997
0.171198
0.314664
0.379364
0.354861
0.326364
0.320024
0.119460
0.186340
0.293385
0.219424
0.238581
0.249870
0.206048
0.183888
0.225206
0.265556
0.089823
0.078085
0.081910
0.267899
0.128775
0.190862
0.314353
0.203080
0.213258
0.300451
0.227705
0.107877
0.088512
0.266993
0.165040
0.112161
0.013492
0.098168
-0.032651
0.042792
0.208688
0.198226
0.062078
0.131328
0.227704
0.039666
0.182252
0.097252
0.072705
0.203709
-0.034186
0.116846
0.161936
-0.028287
0.041806
0.170927
0.124517
-0.026748
-0.046491
0.132594
0.141221
0.126748
0.006070
-0.040898
-0.018820
0.106520
-0.026866
-0.012368
-0.030761
-0.027885
-0.023552
-0.124112
-0.080964
-0.170695
-0.159076
-0.187320
-0.160226
0.080556
0.017723
0.004536
-0.155813
-0.113016
-0.171085
-0.093894
-0.004723
-0.209925
0.053084
-0.227700
-0.096590
-0.151561
0.027104
-0.032127
-0.075956
-0.191431
-0.203808
-0.221205
-0.242147
-0.024974
-0.127598
-0.192252
-0.240354
-0.012433
-0.149301
-0.035352
-0.258435
-0.099309
-0.195107
-0.318514
-0.187090
-0.120643
-0.209398
-0.119854
-0.286893
-0.254160
-0.196311
-0.364696
-0.191282
-0.319720
-0.151325
-0.217501
-0.353452
-0.355227
-0.217536
-0.198725
-0.271027
-0.152246
-0.383653
-0.208595
-0.166435
-0.237023
-0.236338
-0.433824
-0.248964
-0.399448
-0.335041
-0.161306
-0.435270
-0.188527
-0.428365
-0.378206
-0.361054
-0.402146
-0.442947
-0.324357
-0.396394
-0.262220
-0.203604
-0.461277
-0.433296
-0.275493
-0.253504
-0.391320
-0.497379
-0.385128
-0.466984
-0.349327
-0.538508
-0.426534
-0.505133
-0.282692
-0.361076
-0.307298
-0.490020
-0.316353
-0.448891
-0.410891
-0.564224
-0.321360
-0.302903
-0.587396
-0.556871
-0.412516
-0.364973
-0.539572
-0.608930
-0.315977
-0.500006
-0.474337
-0.403951
-0.468427
-0.594261
-0.418776
-0.597769
-0.383071
-0.585046
-0.426702
-0.455008
-0.523809
-0.549573
-0.470212
-0.669505
-0.475995
-0.649089
-0.435779
-0.438839
-0.406777
-0.580316
-0.629912
-0.654270
-0.619777
-0.513854
-0.514743
-0.628024
-0.586917
-0.534169
-0.690744
-0.724269
-0.603264
-0.569949
-0.735892
-0.463530
-0.644065
-0.540898
-0.661744
-0.698386
-0.691293
-0.633696
-0.514538
-0.751581
-0.562022
-0.553545
-0.685900
-0.571458
-0.584304
-0.637478
-0.678440
-0.735686
-0.558870
-0.564289
-0.647332
-0.588422
-0.529268
-0.810693
-0.799895
-0.820098
-0.683980
-0.799801
-0.661161
-0.636603
-0.774161
-0.748286
-0.564921
-0.643996
-0.788561
-0.795730
-0.742354
-0.708944
-0.590792
-0.611568
-0.833410
-0.813013
-0.638091
-0.692092
-0.820745
-0.815541
-0.681499
-0.726088
-0.619848
-0.739834
-0.633378
-0.890145
-0.667311
-0.750529
-0.891959
-0.668364
-0.634607
-0.875656
-0.801009
-0.889863
-0.803505
-0.796588
-0.642662
-0.863076
-0.929401
-0.918910
-0.780188
-0.927722
-0.836054
-0.771449
-0.917865
-0.834971
-0.787671
-0.665249
-0.681771
-0.962708
-0.833260
-0.924312
-0.839651
-0.919037
-0.893107
-0.838565
-0.942206
-0.881488
-0.862642
-0.719257
-0.760812
-0.844669
-0.749818
-0.732871
-0.974926
-0.993805
-0.843860
-0.730306
-0.974432
-0.716473
-0.986991
-0.730511
-0.999385
-0.806207
-0.740060
-0.811579
-0.939169
-0.765987
-0.841049
-0.837541
-1.016470
-0.949380
-0.795877
-0.839311
-0.880382
-0.983741
-0.878061
-0.841997
-0.908359
-0.972225
-0.914227
-1.059922
-0.849125
-0.928244
-0.893224
-0.834171
-0.809958
-0.878374
-0.927653
-1.002060
-0.979746
-0.885166
-0.823400
-1.009354
-1.008229
-1.057029
-0.939225
-0.828918
-0.936603
-0.809580
-0.851433
-0.895636
-0.942808
-0.934993
-1.087573
-0.830489
-1.010059
-0.811863
-0.835681
-0.864758
-0.854136
-1.037990
-1.085574
-1.011090
-0.969438
-0.843663
-0.856284
-1.011842
-1.028335
-0.924639
-0.958957
-0.864979
-1.054448
-0.844117
-0.992349
-1.092924
-0.942835
-0.991559
-0.872840
-1.087322
-0.987726
-1.004872
-1.093748
-0.893638
-1.116189
-1.052258
-0.870160
-0.874383
-1.019461
-1.059264
-1.075631
-1.114518
-0.941386
-1.054875
-1.019431
-1.069308
-0.866411
-0.953731
-1.106825
-1.041684
-1.080286
-0.865552
-1.040087
-0.977970
-1.067110
-0.891610
-0.942301
-0.990777
-1.131397
-0.878405
-1.129415
-0.900553
-1.071882
-1.062640
-0.985740
-1.075893
-0.850291
-1.007995
-1.039395
-1.044054
-1.050571
-0.957890
-0.865821
-1.120743
-0.881496
-0.918964
-0.867013
-1.043178
-0.880535
-1.060818
-1.132229
-0.852252
-1.119937
-0.913016
-0.880970
-1.021265
-1.080296
-0.996552
-1.092879
-1.141530
-1.124419
-0.922647
-1.038685
-1.117677
-0.878275
-1.147055
-1.065404
-0.855658
-1.029813
-0.848058
-0.895004
-0.975202
-1.134284
-0.858655
-1.046957
-0.973581
-0.963591
-0.846982
-0.980618
-0.901452
-1.044835
-0.843037
-1.016117
-1.003904
-0.986159
-0.971062
-1.100375
-1.104076
-0.842697
-0.908379
-1.104276
-1.023248
-0.982297
-0.908444
-0.894311
-0.840850
-1.009656
-0.888099
-0.918133
-0.935570
-0.947245
-1.114745
-0.947899
-0.989199
-1.007861
-1.070198
-1.062597
-1.082098
-1.092080
-1.097836
-0.896388
-0.953493
-1.088977
-0.953003
-0.947411
-0.945908
-0.950715
-1.102219
-0.939132
-0.937223
-0.946968
-1.060290
-0.976543
-1.019914
-1.066197
-1.084260
-0.862006
-1.071408
-0.926194
-0.822065
-0.800570
-1.013903
-0.818316
-0.908447
-1.063731
-0.813282
-0.908640
-1.023689
-0.785309
-0.790242
-0.993873
-0.909571
-0.823371
-0.796631
-0.883916
-1.007232
-0.879938
-0.774605
-1.002270
-0.763268
-0.870985
-0.836610
-0.949561
-0.969785
-0.775584
-0.965133
-0.983847
-0.772372
-0.877990
-0.847755
-0.798612
-0.734546
-0.857580
-0.858658
-0.860628
-0.865888
-0.745347
-0.767892
-0.752276
-0.809900
-0.946722
-0.815490
-0.858556
-0.753357
-0.786626
-0.840600
-0.756799
-0.845441
-0.923476
-0.926659
-0.883833
-0.856518
-0.761825
-0.831571
-0.683354
-0.846278
-0.967284
-0.852872
-0.822849
-0.822959
-0.833165
-0.956622
-0.833530
-0.892626
-0.757067
-0.823831
-0.696825
-0.841019
-0.778648
-0.798492
-0.696804
-0.733636
-0.642848
-0.714078
-0.855310
-0.909819
-0.785157
-0.805750
-0.787434
-0.698155
-0.773237
-0.791213
-0.686759
-0.774260
-0.817912
-0.770766
-0.689183
-0.812560
-0.883500
-0.710890
-0.808167
-0.704923
-0.602195
-0.659127
-0.871356
-0.781697
-0.814115
-0.762291
-0.788969
-0.690533
-0.610386
-0.814035
-0.674708
-0.815051
-0.691968
-0.561461
-0.824192
-0.607348
-0.721935
-0.660281
-0.656260
-0.779610
-0.684420
-0.719216
-0.690630
-0.601992
-0.712215
-0.775622
-0.512241
-0.723056
-0.640987
-0.594326
-0.649820
-0.737026
-0.554356
-0.710706
-0.634296
-0.519903
-0.636066
-0.601311
-0.664863
-0.524691
-0.569424
-0.637367
-0.548469
-0.705577
-0.643167
-0.604187
-0.633651
-0.647933
-0.674538
-0.576948
-0.436020
-0.507544
-0.494082
-0.543209
-0.679457
-0.681073
-0.538987
-0.550962
-0.657065
-0.394353
-0.459057
-0.385545
-0.637998
-0.406261
-0.416502
-0.382228
-0.389135
-0.433555
-0.457727
-0.476433
-0.355802
-0.627826
-0.557549
-0.370119
-0.470713
-0.340546
-0.318597
-0.400548
-0.406872
-0.566690
-0.352746
-0.322740
-0.540910
-0.545869
-0.350567
-0.333113
-0.410322
-0.460561
-0.452816
-0.368349
-0.308819
-0.506639
-0.380240
-0.421436
-0.410940
-0.497899
-0.257526
-0.428375
-0.230021
-0.425886
-0.363670
-0.477187
-0.499939
-0.227972
-0.417732
-0.460445
-0.398323
-0.327341
-0.303158
-0.230169
-0.338375
-0.264216
-0.446173
-0.345556
-0.221560
-0.170135
-0.423985
-0.402138
-0.307583
-0.404500
-0.360157
-0.386555
-0.268579
-0.399119
-0.152779
-0.186330
-0.180726
-0.195552
-0.167767
-0.191202
-0.098172
-0.205350
-0.305729
-0.338969
-0.163693
-0.307361
-0.334209
-0.300264
-0.252375
-0.223112
-0.136539
-0.224800
-0.281585
-0.082653
-0.048615
-0.215797
-0.053234
-0.259395
-0.106754
-0.036336
-0.253365
-0.082283
-0.262075
-0.227807
-0.155130
-0.083269
-0.189726
-0.176410
-0.212956
0.026191
-0.260457
-0.239143
-0.021796
-0.243739
-0.068896
0.024002
0.019510
-0.008001
-0.069251
-0.219816
-0.223542
-0.219485
0.021517
0.002619
-0.122665
-0.050470
0.055667
-0.011692
-0.181328
0.000820
0.025877
-0.055879
-0.143659
0.000367
0.009556
-0.139724
-0.115715
