0.101709
-0.116703
-0.054031
-0.028920
0.037863
0.007972
-0.077125
-0.027512
-0.073030
-0.054608
-0.106210
0.038611
0.148250
0.077084
0.036313
0.050623
-0.064228
0.154457
-0.037473
0.142727
0.036344
0.020732
0.104072
0.074893
0.124330
0.063612
0.213402
0.024785
-0.015469
0.180665
0.280479
0.234964
0.241121
0.085544
0.266831
0.242077
0.289493
0.261118
0.219046
0.068036
0.138802
0.307016
0.287694
0.115396
0.209027
0.276245
0.271301
0.340324
0.067381
0.251489
0.168726
0.208502
0.254080
0.124853
0.213834
0.091825
0.321005
0.274926
0.200871
0.317458
0.128274
0.219747
0.229500
0.168971
0.379792
0.407353
0.271996
0.266365
0.169072
0.352369
0.393911
0.366204
0.161010
0.431992
0.466609
0.466312
0.244783
0.321870
0.309599
0.397671
0.470582
0.406717
0.337467
0.370027
0.422865
0.290875
0.405343
0.456791
0.520721
0.405561
0.284447
0.271985
0.406256
0.413626
0.491392
0.477396
0.465668
0.392275
0.378589
0.475965
0.347175
0.552465
0.522397
0.536752
0.483088
0.495543
0.569707
0.422628
0.540610
0.320978
0.499571
0.470083
0.600155
0.572118
0.513827
0.540265
0.384367
0.579521
0.460037
0.417447
0.358374
0.374730
0.503748
0.521143
0.504975
0.641648
0.454114
0.407820
0.609273
0.642093
0.409864
0.453646
0.508346
0.440389
0.531690
0.696358
0.537704
0.608593
0.466491
0.503347
0.684008
0.634227
0.480410
0.696080
0.717444
0.540430
0.584336
0.606303
0.479109
0.729517
0.527717
0.542777
0.553947
0.671547
0.477078
0.691103
0.703056
0.713726
0.780979
0.599682
0.754657
0.767378
0.694798
0.763413
0.744412
0.693283
0.719657
0.615979
0.549802
0.683430
0.816079
0.763138
0.564041
0.760346
0.714098
0.715369
0.643706
0.646514
0.842404
0.723375
0.824337
0.752929
0.699408
0.643218
0.660363
0.592877
0.811113
0.659011
0.690846
0.843029
0.642812
0.616052
0.793564
0.885076
0.895502
0.659521
0.860980
0.794396
0.866925
0.788729
0.771771
0.869892
0.821690
0.776040
0.678443
0.736453
0.770750
0.670383
0.901664
0.842619
0.783015
0.877743
0.837754
0.912776
0.876951
0.713889
0.829678
0.798264
0.735575
0.715547
0.681167
0.931430
0.731187
0.739739
0.750500
0.897524
0.914677
0.895768
0.749628
0.744865
0.846282
0.769353
0.908265
0.995944
0.784275
0.942648
0.806007
0.731835
0.930943
0.896264
0.795130
0.963727
0.957858
0.892475
1.011222
0.960991
0.896493
0.892301
0.808882
1.005604
0.890554
0.993783
0.875490
0.980101
0.995072
0.806343
0.749306
0.813008
1.038955
0.829974
0.814201
1.050750
1.057857
0.817690
0.987444
0.828053
0.815859
0.956301
0.920052
0.848500
0.906953
1.037274
0.845724
0.967687
0.780628
1.060668
0.998632
1.045765
0.842233
0.879403
1.002975
1.068404
0.928929
0.977732
0.830988
0.945912
0.961079
1.019332
1.006235
0.925302
0.902553
0.834071
0.966725
1.040904
1.007331
0.865773
1.101468
0.968887
0.969411
1.065200
1.079489
0.968463
0.969334
1.069247
0.996292
0.861891
1.033497
0.874134
0.958177
1.104045
1.068731
0.905140
0.970331
1.058912
1.114843
1.112551
1.031622
1.020558
0.904713
0.974008
1.078583
1.118760
1.018270
1.065896
1.038350
1.071916
0.961553
1.122926
1.137019
0.895465
0.950377
0.891173
0.942963
1.044605
0.997536
1.070527
0.900883
0.927570
1.090750
0.934026
0.991439
1.057684
0.898268
1.141175
0.871649
1.120883
1.095271
1.061244
0.990598
0.911413
0.948420
0.942277
0.986653
0.883666
1.108653
1.082076
0.981004
1.117682
1.112775
1.094058
0.998266
0.898612
1.048120
1.143986
0.984874
1.129851
1.075521
0.933738
1.092519
1.121910
1.125581
0.993315
1.128820
0.880370
0.863243
0.993777
1.032530
0.914017
0.982771
0.922471
1.027427
1.025919
0.966207
0.881548
0.931586
0.888188
1.040937
0.967192
1.040762
0.978676
0.979679
1.123531
0.960007
1.090162
0.928378
1.006525
0.991768
1.037967
0.994639
1.112530
0.926239
0.998262
0.901707
1.045336
0.894258
0.947523
0.846251
0.898519
1.085887
1.104390
0.941621
1.059562
0.901596
0.863101
0.925257
1.100053
1.046864
0.951203
1.083168
1.101317
0.838105
1.039828
0.904811
1.091166
0.958330
0.891647
1.101373
0.965584
0.890575
1.081287
1.061974
0.825182
0.808812
1.053115
0.799155
1.032884
0.838643
1.047089
1.075656
1.085619
0.886225
1.064952
0.806192
0.961294
0.974249
0.911184
0.869159
0.897178
0.873584
0.906008
0.887212
0.804203
0.772455
0.900078
0.986915
0.951339
0.889710
0.979207
0.978385
0.802263
0.899446
1.008301
0.780447
0.945846
0.897761
0.918857
0.832889
0.970555
0.906291
0.871042
0.830806
0.740270
1.018041
0.847979
0.905199
0.908746
0.945628
0.960003
0.790085
0.966170
0.875322
0.762090
0.916663
0.849099
0.719906
0.787426
0.999855
0.815212
0.712385
0.985443
0.747222
0.741511
0.726017
0.748833
0.700728
0.792561
0.707244
0.891116
0.776439
0.728389
0.758523
0.928879
0.767848
0.819373
0.742875
0.902828
0.822845
0.678798
0.788587
0.851119
0.828005
0.892100
0.747184
0.666818
0.759029
0.739115
0.836811
0.668084
0.665904
0.750469
0.748199
0.763609
0.649418
0.850148
0.886728
0.710617
0.610822
0.873082
0.722443
0.631950
0.649030
0.641016
0.774753
0.668185
0.590761
0.658331
0.667981
0.603833
0.853318
0.636019
0.595666
0.563650
0.574043
0.787649
0.576826
0.741135
0.737112
0.538778
0.802442
0.603580
0.612304
0.653459
0.636521
0.733491
0.769560
0.765563
0.735000
0.656558
0.650839
0.794023
0.758874
0.526215
0.714255
0.519006
0.545910
0.694825
0.629775
0.571003
0.579799
0.539665
0.677485
0.682560
0.660070
0.480638
0.663961
0.609967
0.550471
0.683982
0.553080
0.545981
0.693228
0.531885
0.650137
0.526227
0.690260
0.676186
0.442163
0.406679
0.580652
0.608195
0.680858
0.415515
0.650113
0.485838
0.430849
0.478436
0.434196
0.388237
0.540596
0.543617
0.587915
0.439265
0.465815
0.431562
0.422941
0.376575
0.483358
0.614783
0.330084
0.418075
0.491932
0.435631
0.511245
0.494529
0.405700
0.409774
0.329660
0.468658
0.579719
0.419482
0.435128
0.518915
0.266333
0.393552
0.537830
0.513739
0.388091
0.386161
0.461904
0.283877
0.474018
0.393843
0.484296
0.319072
0.421525
0.319474
0.487315
0.337240
0.378422
0.349808
0.478014
0.333800
0.434273
0.462808
0.265670
0.237606
0.192999
0.215534
0.395728
0.350239
0.153717
0.395618
0.247467
0.256125
0.301069
0.331973
0.338365
0.386289
0.337593
0.393388
0.238395
0.380564
0.309800
0.331174
0.360370
0.213935
0.201931
0.141156
0.156823
0.336823
0.088132
0.160300
0.263037
0.282185
0.070156
0.280297
0.282130
0.052126
0.156077
0.049337
0.265925
0.113608
0.309088
0.025755
0.220681
0.055010
0.057072
0.042280
0.058504
0.251730
0.206386
0.073503
0.201792
0.068695
-0.004737
0.207596
0.000166
0.080323
0.036682
0.203428
0.167676
0.001662
0.212140
0.159388
-0.047633
-0.047706
0.169773
0.157432
0.004853
0.027223
0.108060
0.026189
0.020164
0.087480
0.035633
0.088307
-0.117977
0.075294
-0.087880
0.080056
0.086796
-0.001302
-0.148631
-0.009729
-0.138505
0.051542
0.074355
0.058459
-0.105758
-0.102733
-0.050490
0.077840
-0.006672
-0.064022
0.054123
0.074480
-0.026902
-0.157471
-0.048088
-0.096116
-0.135422
-0.089825
0.046749
-0.142414
-0.038330
-0.143733
-0.202032
-0.141791
-0.090995
-0.052235
-0.222812
-0.064306
-0.212672
-0.188291
-0.090786
-0.085160
-0.100643
-0.066637
-0.085657
-0.060165
-0.120642
-0.272616
-0.289003
-0.141047
-0.083405
-0.135060
-0.347172
-0.185564
-0.089104
-0.244831
-0.293010
-0.115707
-0.316068
-0.180369
-0.303351
-0.316800
-0.276310
-0.141276
-0.282819
-0.234254
-0.253369
-0.243524
-0.323744
-0.407368
-0.374238
-0.137667
-0.408905
-0.358187
-0.184386
-0.397516
-0.356615
-0.320051
-0.392609
-0.168047
-0.413076
-0.412827
-0.221100
-0.214185
-0.187200
-0.206919
-0.422908
-0.427095
-0.364908
-0.216472
-0.371780
-0.372085
-0.331259
-0.406026
-0.491077
-0.391604
-0.419141
-0.282273
-0.434737
-0.529824
-0.266912
-0.253771
-0.357178
-0.391489
-0.337856
-0.392357
-0.366081
-0.572752
-0.510240
-0.546858
-0.561570
-0.387766
-0.460114
-0.539532
-0.513874
-0.526672
-0.599408
-0.529161
-0.456855
-0.370812
-0.576829
-0.563070
-0.554613
-0.544691
-0.625149
-0.469007
-0.597073
-0.482446
-0.374242
-0.546927
-0.569375
-0.608444
-0.559134
-0.547047
-0.470593
-0.432615
-0.494467
-0.551523
-0.403857
-0.470310
-0.612487
-0.701812
-0.653312
-0.530438
-0.569098
-0.444467
-0.639046
-0.652240
-0.446493
-0.555626
-0.580665
-0.555168
-0.699632
-0.570542
-0.503037
-0.552243
-0.624307
-0.733351
-0.477448
-0.699263
-0.576644
-0.642200
-0.533417
-0.588349
-0.536943
-0.737561
-0.735818
-0.734881
-0.666579
-0.563656
-0.571696
-0.644726
-0.747161
-0.606913
-0.674110
-0.683012
-0.630596
-0.609397
-0.719152
-0.827553
-0.734869
-0.825617
-0.729477
-0.568195
-0.717396
-0.668031
-0.749656
-0.575385
-0.782515
-0.839933
-0.606000
-0.766488
-0.836490
-0.753461
-0.728148
-0.613771
-0.769757
-0.683194
-0.620294
-0.867328
-0.637755
-0.707192
-0.647270
-0.886857
-0.762306
-0.613426
-0.849344
-0.686460
-0.847581
-0.678375
-0.839921
-0.909734
-0.812414
-0.690282
-0.749738
-0.879277
-0.738744
-0.833255
-0.665512
-0.848866
-0.808353
-0.729773
-0.841602
-0.876035
-0.929590
-0.703868
-0.819143
-0.797694
-0.942023
-0.729945
-0.968385
-0.868557
-0.882567
-0.924789
-0.780277
-0.826179
-0.776741
-0.864881
-0.736370
-0.870199
-0.802814
-0.725182
-0.798059
-0.764526
-0.733481
-0.883949
-0.723372
-0.723075
-0.779667
-0.996656
-0.732926
-0.868631
-0.729196
-0.816943
-0.808971
-0.868096
-0.745066
-0.898850
-0.796319
-0.829437
-0.867889
-0.807058
-0.788356
-1.005162
-1.002834
-0.827260
-0.954443
-0.834879
-0.863084
-0.851894
-0.825456
-0.788490
-1.009566
-0.896828
-0.897665
-0.862268
-0.867327
-0.862267
-0.992149
-0.956822
-1.036287
-0.958358
-0.813260
-0.885026
-0.949442
-0.991136
-1.077848
-0.943123
-0.833721
-0.936593
-1.078421
-0.864304
-1.036381
-1.025308
-0.946675
-0.973939
-0.880242
-1.007176
-0.842323
-0.960014
-0.957688
-1.027067
-0.811264
-0.861520
-0.822435
-0.898987
-0.885572
-1.027930
-1.038525
-0.869330
-0.938009
-0.868015
-1.043504
-1.066444
-1.103382
-0.902931
-1.036378
-1.049717
-1.052608
-0.852413
-1.068891
-0.986361
-1.031968
-0.964051
-1.028040
-1.069439
-1.008187
-0.997599
-0.953498
-1.024933
-1.086321
-0.886623
-0.858820
-0.951372
-0.977694
-0.958736
-0.902507
-0.901859
-1.047266
-1.104420
-1.018051
-1.109776
-0.914645
-0.964342
-1.004018
-0.857023
-0.934420
-0.985247
-1.106077
-0.910828
-0.910923
-0.934708
-0.989359
-0.913466
-0.971478
-0.979529
-0.911895
-0.974170
-1.021378
-0.998587
-0.884514
-0.890461
-0.983561
-0.977864
-1.054345
-1.003968
-0.872373
-1.130072
-1.038675
-0.974712
-1.040725
-1.102454
-1.080178
-0.975019
-0.992250
-1.046785
-0.868946
-0.945671
-1.065143
-1.124922
-0.852314
-0.962517
-0.869164
-1.013128
-1.084541
-0.906657
-0.877473
-0.996508
-0.869804
-0.994308
-1.088612
-1.076304
-0.945859
-0.946215
-0.973209
-0.924768
-0.864506
-0.932456
-0.880040
-0.901908
-1.126729
-1.117271
-1.131862
-1.049464
-0.969936
-1.086544
-0.931192
-1.056454
-0.864930
-0.880171
-0.881948
-1.115127
-1.077703
-0.835356
-1.072540
-0.900596
-0.852386
-1.048668
-0.828763
-0.973382
-1.017671
-1.045939
-0.846192
-0.863612
-0.942006
-1.086425
-1.106781
-0.814793
-0.821988
-0.918649
-1.075964
-0.876511
-1.019814
-1.092983
-0.975675
-0.986963
-1.020382
-1.032139
-1.087791
-1.012147
-1.028030
-0.966253
-1.087891
-0.948557
-1.061383
-0.884640
-1.001575
-0.851643
-0.879780
-0.870806
-1.060512
-0.873665
-1.018201
-1.001132
-1.062012
-0.827068
-0.946857
-0.787590
-0.899074
-1.060017
-0.953642
-0.918872
-0.950286
-0.777246
-0.896447
-0.915554
-1.015373
-1.011158
-0.900878
-0.949147
-1.048093
-0.836191
-0.946293
-1.041227
-0.786258
-0.872307
-0.999700
-0.802488
-0.815592
-0.914994
-0.772905
-0.963257
-0.965629
-0.938197
-1.015879
-0.864409
-0.745480
-0.952446
-0.724513
-0.830923
-0.806165
-0.868235
-0.959674
-0.911271
-0.764224
-0.953491
-0.987148
-0.880532
-0.720328
-0.734229
-0.949742
-0.886342
-0.960783
-0.796794
-0.780822
-0.721022
-0.825180
-0.746645
-0.667357
-0.733445
-0.758618
-0.822233
-0.732511
-0.906265
-0.849085
-0.857266
-0.650320
-0.876793
-0.862216
-0.712895
-0.799947
-0.864922
-0.750634
-0.834776
-0.701606
-0.897956
-0.902219
-0.882222
-0.617838
-0.763201
-0.683665
-0.816628
-0.781702
-0.832132
-0.834845
-0.594032
-0.713097
-0.667140
-0.738262
-0.851361
-0.724422
-0.797034
-0.570908
-0.733775
-0.578445
-0.769514
-0.586086
-0.793857
-0.576841
-0.677433
-0.740893
-0.833189
-0.548523
-0.539814
-0.639367
-0.754156
-0.593812
-0.571247
-0.560895
-0.753271
-0.714906
-0.597503
-0.730170
-0.691859
-0.658421
-0.711554
-0.538534
-0.668650
-0.759204
-0.531102
-0.571447
-0.559757
-0.511063
-0.677028
-0.592307
-0.487301
-0.660957
-0.609832
-0.614867
-0.636362
-0.556719
-0.570565
-0.531758
-0.633565
-0.637304
-0.662683
-0.671869
-0.560276
-0.574424
-0.541885
-0.560632
-0.470361
-0.661506
-0.464333
-0.527649
-0.522151
-0.558193
-0.680853
-0.638349
-0.652229
-0.487379
-0.419526
-0.531401
-0.497791
-0.376202
-0.403088
-0.456397
-0.499237
-0.477165
-0.529538
-0.531152
-0.597755
-0.594501
-0.343743
-0.410045
-0.484602
-0.577307
-0.421745
-0.327361
-0.475288
-0.317478
-0.529184
-0.344150
-0.300250
-0.347135
-0.416135
-0.317003
-0.464778
-0.330504
-0.411292
-0.312960
-0.546832
-0.399954
-0.446485
-0.317106
-0.376144
-0.345202
-0.474792
-0.363541
-0.384631
-0.405269
-0.259343
-0.260279
-0.408659
-0.383932
-0.310387
-0.294797
-0.307752
-0.300323
-0.321843
-0.290343
-0.457219
-0.427646
-0.286511
-0.357572
-0.282348
-0.299854
-0.373009
-0.366807
-0.259895
-0.247500
-0.228156
-0.153123
-0.206533
-0.160382
-0.286441
-0.296485
-0.169100
-0.210992
-0.345585
-0.387253
-0.122929
-0.201719
-0.179876
-0.322628
-0.153044
-0.092717
-0.356089
-0.060190
-0.181897
-0.154238
-0.152177
-0.279786
-0.249598
-0.299156
-0.227952
-0.162067
-0.055140
-0.102008
-0.196871
-0.214179
-0.117393
-0.035702
-0.026901
-0.172248
-0.070426
-0.170094
-0.144367
-0.195329
0.014617
-0.050772
-0.131194
0.027924
-0.075294
-0.052947
-0.163382
-0.146729
-0.019602
-0.167085
-0.084027
0.074384
-0.185579
0.078572
-0.188742
-0.013232
-0.114471
-0.104882
-0.112863
0.038091
-0.124064
-0.055830
-0.096335
-0.010986
-0.017089
-0.041527
0.074661
