-0.026669
0.044454
-0.132669
-0.119051
-0.062226
-0.093568
0.110337
0.064963
0.138082
0.089483
0.031202
-0.084516
0.179672
0.203604
-0.018408
0.136404
-0.024420
-0.045979
-0.009462
0.179644
0.128834
0.055867
0.231076
-0.008290
0.027551
0.068555
0.109267
-0.013445
0.223990
0.159322
0.029762
0.083289
0.117643
0.007663
0.280024
0.141851
0.044684
0.184222
0.119707
0.019601
0.298939
0.297127
0.248586
0.260696
0.279037
0.169306
0.184883
0.239734
0.291032
0.078753
0.203994
0.275057
0.170412
0.179156
0.148898
0.299394
0.194693
0.126580
0.132481
0.343613
0.380855
0.218086
0.321175
0.305809
0.414223
0.410828
0.176893
0.167827
0.255367
0.281668
0.216999
0.210001
0.324057
0.428554
0.191670
0.183663
0.196494
0.472832
0.401725
0.233079
0.454944
0.291505
0.488281
0.229221
0.321871
0.347567
0.487715
0.263940
0.256895
0.522638
0.397259
0.398223
0.479524
0.541573
0.322221
0.289003
0.534512
0.496617
0.331252
0.270688
0.322421
0.520100
0.417086
0.530371
0.552797
0.350842
0.532041
0.408817
0.593750
0.435359
0.312679
0.471532
0.421513
0.426122
0.433204
0.364559
0.569484
0.421969
0.447273
0.437896
0.593489
0.433381
0.510783
0.466760
0.455895
0.569932
0.426872
0.504368
0.540363
0.504850
0.636614
0.492645
0.539259
0.578144
0.504339
0.619558
0.411118
0.496343
0.426395
0.427274
0.458837
0.585918
0.641177
0.698962
0.565167
0.712324
0.512026
0.498787
0.501075
0.566373
0.751346
0.639961
0.686470
0.758795
0.748376
0.747118
0.492086
0.580626
0.681098
0.671325
0.653863
0.751226
0.729375
0.528683
0.557437
0.560425
0.575599
0.732756
0.583728
0.722593
0.608101
0.653827
0.646204
0.716886
0.581820
0.691077
0.562423
0.719391
0.796688
0.723855
0.636956
0.767800
0.754330
0.849466
0.647337
0.729180
0.845393
0.630362
0.610292
0.675276
0.643386
0.840374
0.872843
0.804966
0.759455
0.643801
0.846015
0.745273
0.611486
0.779967
0.634083
0.790978
0.688651
0.687034
0.796291
0.807708
0.874925
0.842542
0.693752
0.659591
0.833499
0.720690
0.866994
0.755696
0.744675
0.730784
0.775752
0.894747
0.711424
0.740244
0.753265
0.744596
0.679794
0.948507
0.714507
0.877126
0.746972
0.851230
0.773631
0.767345
0.738248
0.895144
0.947605
0.890506
0.715030
0.754287
0.733299
0.988507
0.814440
0.742326
0.958333
0.798024
0.922063
0.985929
0.823748
0.766417
0.942926
0.851879
0.829798
0.865572
0.887034
0.753227
0.831128
0.965765
0.973189
1.025713
1.022796
0.947445
0.833581
0.868795
0.764129
0.964987
0.778343
0.897000
0.794215
0.886202
1.050535
0.834111
0.989756
0.864172
0.815484
0.984484
1.016932
0.871949
0.960092
1.020138
0.980839
0.787174
0.957568
1.074947
0.891710
0.937297
1.019781
1.007106
0.929645
0.884495
0.805843
1.023256
0.863971
0.992010
0.844080
0.874072
1.052110
1.041517
0.863621
0.827930
0.885079
1.092561
0.824848
0.947480
1.059141
0.982020
1.064026
1.104377
0.934324
0.864719
1.057323
1.041411
0.952924
1.113927
0.948925
0.934483
0.913759
0.871909
1.103872
1.123154
0.941171
1.099419
0.965290
0.983906
1.013275
0.855428
0.923499
1.057024
0.961245
1.123658
1.010318
1.124913
1.092157
1.081482
0.925616
0.947307
1.071566
0.982736
1.026064
0.855206
0.981551
1.091884
0.856425
1.067239
1.078743
1.088417
0.872643
0.946151
1.042843
1.057193
0.926465
0.983810
0.933373
0.899663
1.095643
1.046567
1.026657
0.912342
0.984244
0.887273
1.072782
0.955750
1.017803
0.962109
1.077414
1.095018
1.016114
0.899119
1.068211
1.094235
1.048901
1.002083
1.046388
1.105890
1.121129
0.930531
0.946056
1.059457
1.058372
1.112504
0.950265
0.902507
1.043809
1.142179
0.887059
1.081014
1.070540
1.011755
0.927939
0.955973
0.891830
1.023580
1.039771
1.032627
0.851204
0.998569
1.131613
0.872113
1.133864
0.843935
0.971370
0.992604
0.943457
1.098507
0.938713
0.861991
0.901309
1.046249
1.022037
1.005761
1.110757
1.102447
1.095761
0.935522
0.884378
0.916626
0.996861
1.077866
0.923502
0.943223
0.838760
0.847771
0.951124
1.058698
1.073263
1.050611
0.920261
1.086510
1.001850
0.869623
1.108787
0.869749
0.950621
1.074245
1.043320
0.976629
1.047024
1.011922
1.052877
1.038338
0.908372
0.831450
1.066008
1.070417
0.857797
0.812119
0.968981
1.006674
0.844906
0.828734
1.080270
1.013515
0.993118
1.064159
0.870072
0.993840
0.807473
0.901197
0.850763
0.932119
0.837248
0.865415
0.926058
1.036149
0.944548
0.807214
0.996214
0.927288
0.966166
0.767667
0.885295
1.001595
0.979289
0.767316
0.852337
1.022156
0.930281
0.787550
1.012931
0.832877
0.754828
1.015667
0.773302
0.959478
0.895553
0.889348
0.915160
0.870537
0.948188
0.857212
0.978146
0.789822
0.969930
0.952538
0.755336
0.807752
0.917581
0.722676
0.863022
0.970667
0.932243
0.900520
0.715530
0.802068
0.958751
0.961894
0.947675
0.838781
0.800252
0.681215
0.686377
0.830026
0.824916
0.897314
0.688983
0.812280
0.889611
0.766090
0.702982
0.800289
0.675038
0.916255
0.877187
0.900151
0.717607
0.905642
0.908965
0.616274
0.646237
0.636795
0.896724
0.648757
0.854584
0.626006
0.643304
0.764895
0.735613
0.641649
0.830624
0.822632
0.860380
0.738346
0.763489
0.597407
0.669791
0.688706
0.569703
0.748603
0.658507
0.780096
0.715875
0.793427
0.791593
0.824732
0.768840
0.731154
0.590544
0.684090
0.681395
0.707948
0.618575
0.616802
0.770286
0.777331
0.552519
0.689021
0.641789
0.493967
0.685317
0.759018
0.617460
0.667252
0.617069
0.492921
0.736752
0.498790
0.665801
0.618365
0.634776
0.515612
0.662717
0.478371
0.595133
0.461186
0.509233
0.666256
0.703131
0.515868
0.622911
0.690740
0.425355
0.581666
0.397974
0.681927
0.409882
0.586182
0.413571
0.509158
0.474160
0.592923
0.649408
0.568947
0.397520
0.583569
0.647276
0.622559
0.401552
0.540496
0.388519
0.605201
0.481154
0.506988
0.588667
0.609598
0.442006
0.521795
0.459843
0.317268
0.568827
0.408068
0.446744
0.461203
0.530597
0.458875
0.499558
0.378771
0.350245
0.369509
0.522013
0.470971
0.481962
0.375110
0.500791
0.279794
0.487016
0.500024
0.412541
0.282103
0.381765
0.277658
0.325471
0.340115
0.351298
0.286889
0.312542
0.347884
0.452695
0.478612
0.204617
0.438645
0.196361
0.167345
0.245554
0.289138
0.165025
0.441396
0.216939
0.150079
0.423944
0.342975
0.244970
0.266608
0.351442
0.187924
0.236731
0.374736
0.332098
0.186417
0.303914
0.166120
0.319846
0.100752
0.298389
0.325158
0.228471
0.321799
0.357056
0.220952
0.050254
0.331897
0.335330
0.053803
0.079822
0.064871
0.225859
0.153838
0.166580
0.011665
0.039965
0.078437
0.289682
0.126641
0.232446
0.172713
0.069470
0.263160
0.101021
0.255316
0.189840
0.138296
0.010786
-0.021960
0.244751
0.096889
0.125606
0.095106
0.080217
0.148898
0.204639
-0.051401
0.110422
0.062484
0.038990
0.049010
0.113253
0.169953
0.087163
0.125030
0.151655
0.170712
-0.092073
0.024338
0.150256
0.125511
0.020946
-0.000617
0.061853
0.045629
0.019843
-0.171789
0.120167
0.089043
0.106506
-0.161737
0.097217
-0.185715
0.018017
-0.005839
0.015504
-0.148486
-0.122644
0.028791
-0.064021
-0.010874
-0.172967
-0.065290
-0.210983
-0.036695
-0.244790
-0.146862
-0.083500
-0.022108
-0.085860
-0.136096
-0.119224
-0.184154
-0.253237
-0.071279
-0.254872
-0.038637
-0.172165
-0.173388
-0.058491
-0.295610
-0.268416
-0.131169
-0.255874
-0.105895
-0.232856
-0.155148
-0.187279
-0.152496
-0.327079
-0.095577
-0.223559
-0.331342
-0.265408
-0.201364
-0.242600
-0.334220
-0.297130
-0.124601
-0.383925
-0.188851
-0.213282
-0.327581
-0.296970
-0.174697
-0.273061
-0.327917
-0.229737
-0.307425
-0.275098
-0.405181
-0.289677
-0.286733
-0.334506
-0.206773
-0.238095
-0.301648
-0.253542
-0.478289
-0.429194
-0.463378
-0.355712
-0.292899
-0.353969
-0.381410
-0.248035
-0.286122
-0.334785
-0.499683
-0.381933
-0.308140
-0.278282
-0.526142
-0.498280
-0.430857
-0.545335
-0.514619
-0.321645
-0.365451
-0.359278
-0.463546
-0.418021
-0.555172
-0.409328
-0.293123
-0.472079
-0.585695
-0.566075
-0.593254
-0.410512
-0.447271
-0.535111
-0.496881
-0.587884
-0.466752
-0.583657
-0.375127
-0.558127
-0.596028
-0.504907
-0.518357
-0.478658
-0.359112
-0.531838
-0.593681
-0.566426
-0.518598
-0.397922
-0.451678
-0.569010
-0.535677
-0.424064
-0.557003
-0.576367
-0.563685
-0.558078
-0.411109
-0.681016
-0.425273
-0.651066
-0.650221
-0.500471
-0.614078
-0.576989
-0.501326
-0.703950
-0.730169
-0.482568
-0.739878
-0.477781
-0.660763
-0.468203
-0.520739
-0.669149
-0.532029
-0.763493
-0.601857
-0.488148
-0.757190
-0.672158
-0.641558
-0.645495
-0.496453
-0.580142
-0.696659
-0.789953
-0.649776
-0.565881
-0.544456
-0.540924
-0.618818
-0.732903
-0.739295
-0.744176
-0.751283
-0.669741
-0.612162
-0.749890
-0.803473
-0.758584
-0.850908
-0.563835
-0.615362
-0.783650
-0.757176
-0.606748
-0.601200
-0.622924
-0.858992
-0.841202
-0.703298
-0.781013
-0.750039
-0.856584
-0.873119
-0.717973
-0.843959
-0.778901
-0.642224
-0.891259
-0.676767
-0.646316
-0.784018
-0.755777
-0.871990
-0.711743
-0.861051
-0.794994
-0.777862
-0.681622
-0.751906
-0.696871
-0.660936
-0.849051
-0.947125
-0.710008
-0.896723
-0.924682
-0.845503
-0.792113
-0.802039
-0.802259
-0.938393
-0.907661
-0.787611
-0.777646
-0.904588
-0.933591
-0.750519
-0.927876
-0.941849
-0.893320
-0.861631
-0.959656
-0.797597
-0.729321
-0.953617
-0.978782
-0.772078
-0.754583
-0.820889
-0.756391
-0.760355
-0.816250
-0.885711
-0.872856
-1.009786
-0.882864
-0.832206
-1.002979
-0.756383
-0.872482
-1.002043
-0.809475
-0.819155
-0.945915
-0.826158
-0.848657
-0.985163
-0.764185
-0.867288
-0.763699
-1.057556
-0.760658
-0.813050
-0.811804
-0.942193
-0.909449
-0.860190
-0.800466
-0.943708
-1.018429
-0.971967
-1.072097
-0.803992
-0.852841
-0.945965
-0.788568
-1.027393
-0.865530
-0.895803
-1.038692
-0.799769
-1.090806
-0.799152
-0.860230
-1.091387
-0.825773
-0.916000
-0.840247
-0.972126
-1.047678
-0.922523
-1.027436
-0.908704
-1.041479
-0.934419
-0.857723
-1.009603
-0.836969
-1.012990
-1.060394
-0.849491
-1.106237
-1.104293
-0.893267
-0.994333
-1.100939
-0.823871
-0.934438
-0.948786
-0.913817
-0.882860
-0.996785
-0.875757
-1.069650
-1.045979
-0.931379
-1.114044
-1.022146
-1.041255
-1.012542
-0.898963
-1.130993
-1.077658
-0.918109
-1.090750
-0.886380
-1.015283
-1.048420
-1.105146
-0.959651
-1.092074
-0.922165
-0.944047
-1.059199
-0.905275
-1.014648
-1.056395
-1.049044
-0.945955
-1.088922
-0.908384
-0.876105
-1.067607
-0.944640
-1.059821
-1.145526
-1.136698
-0.927687
-1.077379
-1.040396
-0.945891
-0.882681
-1.046611
-1.067658
-0.901506
-0.945336
-0.994013
-1.002973
-1.075419
-1.069290
-0.877755
-1.110107
-1.011298
-1.070534
-0.860438
-1.090926
-0.889299
-0.852854
-0.955481
-0.980661
-1.130698
-1.074756
-0.956005
-0.926669
-1.088310
-1.037368
-1.136303
-1.119968
-1.102210
-1.010684
-0.883111
-0.882013
-0.898727
-1.076580
-1.020725
-0.866143
-1.093717
-0.936114
-0.855162
-0.971997
-0.931566
-0.983250
-0.992268
-0.955359
-0.934135
-0.971025
-0.957275
-1.022885
-1.023351
-1.011627
-0.877163
-0.985171
-0.834073
-0.995197
-1.041486
-0.864727
-0.912162
-1.027608
-1.023147
-0.871592
-0.885643
-1.092625
-0.971920
-1.108201
-1.028943
-0.904636
-1.009271
-1.037038
-0.845798
-1.107102
-0.876212
-1.000114
-1.102228
-0.930159
-1.100597
-0.900547
-0.873043
-0.913618
-0.810885
-0.817992
-1.047040
-1.003007
-0.943294
-0.977247
-0.998501
-0.923365
-0.912821
-0.939239
-0.796064
-1.050966
-0.975206
-0.895710
-0.807567
-1.048655
-0.912893
-0.947611
-0.913438
-1.026347
-0.810046
-1.044641
-0.951868
-0.814080
-0.983508
-0.960387
-0.845556
-0.794407
-0.925187
-0.789440
-0.908426
-0.912085
-0.989021
-1.044313
-0.957915
-0.815704
-0.983585
-0.837627
-0.893135
-0.888156
-0.835034
-1.021062
-0.791077
-0.964895
-0.749184
-0.991115
-0.926112
-0.761918
-0.969935
-0.865753
-0.971409
-0.812500
-0.981589
-0.986115
-0.737213
-0.915187
-0.730121
-0.707830
-0.859683
-0.928458
-0.905444
-0.725779
-0.971722
-0.787465
-0.780768
-0.860253
-0.713197
-0.897973
-0.950764
-0.799491
-0.891159
-0.785486
-0.895938
-0.726462
-0.930896
-0.664576
-0.808905
-0.670466
-0.761653
-0.826227
-0.709410
-0.816892
-0.874204
-0.661919
-0.640566
-0.810068
-0.827983
-0.882517
-0.922649
-0.874143
-0.786685
-0.653845
-0.753158
-0.778492
-0.645720
-0.794428
-0.666638
-0.744306
-0.877658
-0.646405
-0.607242
-0.691599
-0.731297
-0.619214
-0.656761
-0.618810
-0.656852
-0.773695
-0.648726
-0.834224
-0.777667
-0.702984
-0.606996
-0.821070
-0.679662
-0.626577
-0.683636
-0.771577
-0.817353
-0.563339
-0.626135
-0.784996
-0.526338
-0.575831
-0.621556
-0.763322
-0.625129
-0.567902
-0.515308
-0.541581
-0.714679
-0.721719
-0.725056
-0.729818
-0.769365
-0.740984
-0.601909
-0.625380
-0.508648
-0.704856
-0.706483
-0.738423
-0.580971
-0.473900
-0.731762
-0.518770
-0.549534
-0.540637
-0.670027
-0.646048
-0.494930
-0.443596
-0.704491
-0.419461
-0.444820
-0.526458
-0.684827
-0.614312
-0.456412
-0.574150
-0.521086
-0.627998
-0.413582
-0.422100
-0.506931
-0.495893
-0.491199
-0.537645
-0.631142
-0.465016
-0.384782
-0.645679
-0.572974
-0.488067
-0.602051
-0.379801
-0.340157
-0.334677
-0.622064
-0.498019
-0.594143
-0.385693
-0.558914
-0.358454
-0.344421
-0.575845
-0.478348
-0.396421
-0.576195
-0.377525
-0.459478
-0.404858
-0.556895
-0.550068
-0.407592
-0.474506
-0.525689
-0.343782
-0.327810
-0.334144
-0.241831
-0.371676
-0.251022
-0.359985
-0.469530
-0.253653
-0.375625
-0.491202
-0.295212
-0.245937
-0.324727
-0.240085
-0.474903
-0.397764
-0.447516
-0.416375
-0.235159
-0.269747
-0.424462
-0.245148
-0.224052
-0.358594
-0.430849
-0.433165
-0.156239
-0.335167
-0.300227
-0.425517
-0.284466
-0.197032
-0.186749
-0.202629
-0.219100
-0.343892
-0.326664
-0.295086
-0.322790
-0.151497
-0.217251
-0.260300
-0.256906
-0.239240
-0.292859
-0.311073
-0.163789
-0.212408
-0.281266
-0.277625
-0.194260
-0.170473
-0.036024
-0.039016
-0.176623
-0.050889
-0.038506
-0.102389
-0.124831
-0.040695
-0.033534
-0.069118
-0.008372
-0.001684
-0.250223
-0.056867
-0.176027
-0.032628
-0.045621
-0.090216
-0.202458
-0.001321
-0.012000
-0.176636
-0.054027
-0.009540
-0.023107
-0.081088
0.038165
-0.112358
-0.060632
-0.019464
-0.194415
0.018772
-0.137974
-0.049452
0.007173
-0.010446
0.115505
-0.157393
-0.155212
0.102425
0.034192
