-0.090317
0.003363
-0.008707
-0.104892
0.005785
-0.029476
0.020456
0.043436
0.028807
0.142356
-0.021456
0.106904
0.148004
0.072880
-0.029633
0.012253
-0.042523
0.103767
0.205834
0.224759
0.218698
0.104194
-0.036316
0.141576
0.034087
0.011275
-0.018125
-0.025926
0.228021
0.013935
0.195847
0.282606
0.151165
0.119892
0.188441
0.286096
0.155357
0.235035
0.163262
0.176057
0.166376
0.278792
0.126403
0.079975
0.069151
0.321885
0.211950
0.054345
0.251130
0.317895
0.243865
0.165013
0.128291
0.365775
0.118282
0.162408
0.133894
0.125024
0.309923
0.297664
0.132300
0.256502
0.359011
0.228922
0.202341
0.409896
0.212950
0.202344
0.330404
0.413811
0.355163
0.168247
0.172080
0.249672
0.422269
0.446840
0.314437
0.395379
0.472036
0.460423
0.338449
0.312002
0.329358
0.491205
0.348805
0.330797
0.329560
0.343344
0.360800
0.411368
0.277186
0.482868
0.479691
0.503271
0.475972
0.270476
0.284689
0.491878
0.363859
0.439158
0.414231
0.499127
0.386543
0.319662
0.474706
0.580441
0.585372
0.301590
0.530168
0.547286
0.582701
0.399641
0.416921
0.404103
0.391455
0.582434
0.562671
0.520614
0.582721
0.560934
0.480772
0.480653
0.478158
0.602951
0.435326
0.456703
0.663419
0.497356
0.429922
0.483591
0.410108
0.543580
0.658976
0.557639
0.514204
0.583664
0.488797
0.614691
0.560162
0.502244
0.648953
0.475488
0.551375
0.588316
0.506532
0.719060
0.682440
0.696207
0.458200
0.609066
0.524029
0.523672
0.633555
0.704213
0.761371
0.733935
0.528407
0.637433
0.504112
0.660329
0.761435
0.741247
0.773522
0.513931
0.574317
0.565700
0.784298
0.549210
0.700761
0.612920
0.756684
0.612019
0.673116
0.554655
0.821077
0.721621
0.827365
0.682747
0.747131
0.578842
0.576203
0.857298
0.749897
0.691570
0.770354
0.651503
0.779266
0.810783
0.848481
0.765005
0.862127
0.636679
0.626300
0.733977
0.741088
0.631109
0.887515
0.780864
0.849393
0.665847
0.700781
0.715212
0.761058
0.891511
0.791874
0.804809
0.719772
0.769315
0.834312
0.896011
0.683337
0.818847
0.946055
0.908037
0.940228
0.818764
0.713288
0.694862
0.751803
0.884420
0.778114
0.890078
0.817500
0.774923
0.814712
0.934479
0.805596
0.914679
0.830487
0.774287
0.713858
0.991467
0.865330
0.924830
0.895227
0.877016
0.744345
0.958770
0.895548
0.858753
1.008457
0.938045
0.911597
0.743129
0.996826
0.927663
0.933371
0.844866
0.896651
1.024146
1.006392
0.999299
0.958229
1.028923
0.840890
0.748926
0.804629
0.831846
0.892939
0.848864
0.950177
0.925599
0.932103
0.858046
1.052282
0.936133
0.787114
0.807861
1.025670
1.033596
0.990384
1.012066
0.873831
0.891621
0.822139
0.955824
0.799753
0.806639
0.814279
0.934890
1.065120
0.842106
0.868304
1.064583
0.824638
0.950638
1.038705
0.938583
0.820365
1.041822
0.841015
0.892063
0.977382
0.945496
0.854867
0.887527
1.100851
1.021456
1.095747
0.834991
1.055206
0.951714
1.096174
0.940974
0.943528
1.107707
1.073217
1.029594
0.911657
1.097770
1.087412
1.110389
0.841904
0.972880
0.941639
1.066701
1.081378
1.098493
0.837923
0.873957
1.119809
1.008887
0.970755
0.958484
1.039310
1.052540
1.072133
0.960325
1.065970
0.911093
1.140975
0.936153
0.958205
1.142483
1.111030
0.930549
1.014607
0.993229
1.044094
0.957879
0.862366
0.861672
0.943170
1.057647
1.129279
0.877634
1.030139
1.037227
1.130136
1.080584
1.093717
1.070909
1.046965
1.067499
0.957774
1.051560
1.016827
0.969001
1.050374
1.132762
1.025717
1.147575
1.020660
0.924956
0.921418
0.940245
1.147778
0.872779
1.020271
0.934922
1.103072
0.860247
1.005106
0.877953
1.093388
0.888807
0.957101
0.867489
1.102401
0.939317
1.144666
0.886123
0.927695
1.128238
0.980687
1.067369
0.848799
1.136901
0.873018
1.110725
0.912168
0.937938
1.081114
1.055868
1.077381
1.129200
0.976012
1.119068
1.097723
0.860291
0.874545
0.872284
1.097564
1.036693
0.869137
0.975838
1.039196
0.840940
0.946236
0.966273
1.103101
0.919601
1.121227
0.850516
0.936111
0.828627
1.061180
0.900750
0.952606
0.925415
0.960014
1.114232
0.982678
0.827792
0.899466
0.837273
0.938965
0.888843
0.927063
0.868992
1.009740
1.027115
0.998435
0.890114
0.858919
0.965733
0.820117
0.870531
0.956204
1.026260
1.067669
0.935650
0.872973
1.010175
0.787828
0.789455
0.830397
0.955886
0.980490
0.927000
0.799854
1.061357
1.066413
0.781429
1.002892
0.798388
0.799701
0.890819
0.841252
0.980821
1.039889
0.867010
0.863827
0.837359
1.045179
0.857679
0.780520
0.836540
0.792923
0.976816
0.819571
0.897054
0.764395
0.733884
0.801486
0.943099
0.887080
0.823629
0.736188
0.863439
0.976276
0.896477
0.822039
0.787714
0.982689
0.890357
0.947852
0.923423
0.892774
0.759808
0.853189
0.894615
0.792277
0.967288
0.978580
0.807158
0.972595
0.725071
0.945319
0.910472
0.732138
0.868638
0.883859
0.922679
0.896517
0.764643
0.686348
0.894753
0.931754
0.800751
0.701686
0.930022
0.900258
0.852478
0.744007
0.636436
0.698693
0.913521
0.811811
0.718456
0.628197
0.865048
0.610671
0.627560
0.692366
0.615716
0.834942
0.744777
0.761161
0.849893
0.820599
0.601620
0.674294
0.836869
0.727735
0.634935
0.659951
0.611045
0.669517
0.855790
0.815959
0.708816
0.732382
0.726803
0.767921
0.737867
0.593691
0.791653
0.540168
0.791390
0.812715
0.794446
0.708389
0.691007
0.664553
0.540674
0.694747
0.676758
0.663724
0.555646
0.552538
0.681020
0.673095
0.732531
0.713832
0.501582
0.676931
0.692357
0.645849
0.604406
0.623463
0.617204
0.680022
0.577476
0.692100
0.504030
0.672105
0.703539
0.546261
0.532141
0.683949
0.640809
0.634002
0.705234
0.641772
0.412608
0.518587
0.625548
0.499523
0.619357
0.670564
0.662143
0.382556
0.381806
0.574980
0.427816
0.401420
0.439995
0.515525
0.513880
0.575426
0.596430
0.472829
0.609935
0.529459
0.603448
0.352247
0.479493
0.438112
0.347721
0.333269
0.519676
0.457436
0.427389
0.508348
0.444010
0.573251
0.513802
0.516465
0.430558
0.416867
0.511318
0.406237
0.345543
0.263203
0.351465
0.488847
0.447404
0.466367
0.302654
0.297214
0.304812
0.351088
0.357363
0.242283
0.297194
0.208562
0.265036
0.414536
0.448034
0.232750
0.369896
0.417495
0.319164
0.383120
0.190889
0.238679
0.413855
0.211428
0.260748
0.349569
0.198993
0.186095
0.332790
0.191742
0.355722
0.415851
0.333312
0.204471
0.379508
0.259169
0.286944
0.174148
0.388061
0.207905
0.219848
0.259196
0.273900
0.305318
0.180458
0.267967
0.287358
0.313009
0.238269
0.234575
0.237206
0.108587
0.221529
0.256299
0.313617
0.041390
0.070923
0.296546
0.206029
0.180231
0.075859
0.184725
0.126286
0.103540
0.123946
0.006454
0.079578
0.017310
0.219740
0.178108
0.230699
-0.004942
0.089864
0.188213
-0.054005
0.053306
-0.050385
0.014441
0.154446
0.108233
0.036752
0.195907
0.004947
-0.048114
0.180671
-0.091636
0.144945
0.104007
0.103152
-0.106393
-0.020827
0.035894
-0.074308
-0.100238
0.089493
0.144466
0.106893
0.000180
-0.117533
0.040690
-0.163833
-0.056383
0.086008
-0.123867
-0.112746
-0.130652
0.065390
-0.015014
0.063966
0.023277
-0.180053
-0.078616
0.004657
-0.206706
-0.005783
-0.171574
-0.144273
-0.211745
-0.165431
-0.164032
0.020551
-0.225339
-0.189212
-0.017577
-0.129008
-0.134843
-0.236702
-0.280515
-0.111002
-0.192485
-0.272769
-0.261706
-0.172490
-0.205464
-0.097356
-0.253708
-0.221420
-0.261342
-0.248678
-0.090355
-0.066213
-0.217368
-0.287334
-0.125560
-0.267197
-0.126146
-0.120825
-0.098455
-0.207536
-0.176525
-0.294056
-0.345407
-0.387872
-0.210277
-0.256879
-0.337873
-0.405246
-0.371476
-0.231646
-0.171713
-0.158775
-0.335948
-0.294545
-0.396610
-0.176877
-0.283886
-0.442734
-0.202825
-0.214755
-0.402723
-0.257984
-0.294870
-0.307114
-0.345295
-0.194692
-0.310052
-0.198400
-0.204374
-0.215029
-0.239181
-0.273651
-0.268072
-0.495908
-0.296731
-0.483045
-0.515766
-0.510279
-0.265068
-0.354042
-0.267277
-0.506064
-0.261365
-0.455872
-0.440719
-0.323668
-0.352911
-0.411023
-0.290397
-0.369564
-0.479422
-0.465460
-0.534677
-0.530942
-0.550826
-0.516562
-0.355641
-0.466408
-0.484100
-0.566537
-0.605860
-0.533564
-0.424607
-0.387679
-0.608096
-0.436111
-0.516929
-0.403556
-0.535951
-0.491971
-0.532149
-0.513550
-0.658761
-0.548712
-0.510671
-0.401626
-0.655733
-0.395036
-0.480111
-0.413979
-0.572472
-0.498412
-0.588166
-0.422617
-0.620500
-0.463772
-0.627523
-0.550008
-0.541059
-0.505465
-0.724900
-0.666202
-0.573748
-0.477230
-0.622529
-0.463146
-0.624626
-0.686205
-0.704806
-0.555804
-0.644691
-0.501538
-0.654159
-0.484214
-0.725581
-0.568812
-0.525111
-0.671746
-0.646608
-0.799311
-0.693561
-0.527317
-0.728937
-0.689166
-0.575694
-0.539624
-0.739733
-0.811936
-0.612005
-0.587122
-0.609690
-0.735420
-0.808805
-0.833540
-0.803944
-0.715482
-0.823096
-0.812986
-0.849196
-0.681544
-0.848258
-0.600566
-0.600403
-0.762413
-0.828132
-0.695566
-0.824470
-0.742881
-0.690064
-0.814323
-0.773125
-0.706348
-0.658289
-0.644121
-0.830402
-0.892897
-0.695334
-0.872748
-0.906825
-0.626983
-0.755130
-0.727440
-0.771245
-0.635470
-0.794843
-0.688865
-0.680332
-0.878842
-0.803553
-0.898342
-0.760486
-0.921824
-0.823475
-0.797663
-0.818911
-0.675000
-0.960561
-0.953778
-0.815234
-0.936957
-0.874355
-0.741206
-0.776981
-0.750940
-0.908763
-0.747036
-0.711278
-0.814603
-0.724094
-0.884587
-0.731507
-0.924315
-0.884212
-0.968641
-0.877357
-0.986399
-0.720600
-0.842410
-0.813149
-0.860391
-0.754085
-0.822862
-0.797780
-0.975230
-0.992578
-0.883936
-1.001798
-0.936989
-0.758611
-0.829390
-0.996081
-0.999798
-1.040328
-0.961853
-1.002021
-1.040752
-1.016806
-0.875232
-0.857256
-0.860086
-0.890210
-1.031271
-0.992351
-1.052279
-1.020351
-0.844428
-0.987507
-1.010100
-0.820131
-0.883040
-0.983227
-0.906012
-1.034847
-1.066807
-0.879814
-1.066754
-1.036210
-1.060683
-0.876095
-0.866143
-0.999971
-0.853840
-0.921639
-0.978091
-1.095957
-0.966417
-1.042292
-0.954908
-1.078353
-0.848239
-0.833042
-0.856058
-1.025453
-0.939739
-0.880477
-0.986450
-0.828173
-1.075358
-0.875870
-0.901404
-1.038597
-0.990985
-1.087047
-0.998495
-0.965093
-0.882879
-1.023959
-1.095957
-1.072543
-1.028064
-0.881594
-0.945517
-0.977169
-1.091826
-0.997004
-0.867376
-1.070801
-0.841292
-0.978116
-0.912167
-1.011256
-0.880680
-0.974084
-0.879981
-1.078187
-0.940341
-0.941147
-1.068563
-0.918372
-0.917424
-1.011241
-0.917943
-0.937698
-1.137898
-1.056531
-1.126562
-1.016343
-1.032135
-1.065852
-1.123187
-0.942728
-1.138170
-0.928312
-0.972282
-1.039715
-0.909924
-0.992935
-1.043739
-1.083421
-1.082782
-1.109474
-1.022437
-0.959367
-1.035103
-1.104438
-1.129674
-1.103703
-1.105708
-0.879004
-1.041472
-1.037070
-1.139297
-0.967705
-1.008517
-0.975331
-0.908400
-0.955721
-0.908543
-0.980898
-1.075520
-1.045934
-1.003783
-0.995872
-0.940638
-1.072071
-0.896802
-1.012387
-0.963939
-1.015917
-0.891791
-0.923816
-0.941279
-1.036443
-1.051629
-0.895140
-1.027447
-1.018118
-0.927633
-1.016129
-0.996608
-0.992432
-1.056909
-1.001374
-1.011505
-0.869521
-1.117488
-0.901615
-0.882003
-1.042525
-1.062567
-1.086001
-1.017439
-1.092679
-0.931095
-1.060703
-0.890110
-1.079354
-1.047071
-0.876941
-0.962556
-0.976532
-0.999952
-1.102431
-0.897101
-0.836246
-0.931186
-0.850920
-0.898452
-1.082994
-1.067442
-1.021219
-0.890395
-0.996403
-0.932372
-1.013997
-0.823189
-0.848580
-0.830153
-0.983473
-0.955132
-0.919659
-0.970023
-0.931808
-0.995259
-1.019726
-0.969498
-0.940490
-1.063092
-1.085601
-0.958165
-0.960571
-0.993022
-0.934235
-0.891272
-0.945513
-0.949020
-0.881719
-0.776354
-0.822732
-1.043935
-0.864760
-0.890206
-0.781419
-1.015766
-0.896919
-0.946537
-0.831368
-0.936309
-1.040808
-0.772877
-0.945691
-0.847178
-0.890669
-0.887112
-0.906029
-0.841266
-1.000522
-0.773764
-0.771018
-0.748589
-0.914523
-0.835427
-0.765173
-0.785137
-0.982809
-0.741006
-0.810614
-0.959450
-0.860370
-0.715093
-0.811823
-0.994532
-0.737279
-0.937567
-0.764092
-0.720278
-0.973399
-0.734288
-0.933383
-0.708905
-0.793190
-0.761709
-0.867105
-0.887616
-0.956695
-0.871408
-0.845970
-0.768797
-0.735842
-0.669687
-0.671541
-0.878525
-0.801534
-0.823279
-0.886349
-0.781333
-0.923247
-0.841847
-0.719100
-0.848628
-0.797702
-0.789768
-0.815788
-0.683220
-0.656211
-0.736374
-0.633501
-0.745137
-0.853552
-0.615173
-0.630507
-0.821711
-0.759134
-0.671404
-0.664486
-0.622860
-0.635006
-0.738649
-0.828129
-0.642573
-0.631000
-0.590142
-0.799627
-0.569317
-0.846424
-0.733933
-0.838071
-0.636753
-0.646272
-0.731077
-0.699708
-0.701552
-0.703491
-0.782630
-0.578483
-0.637778
-0.803170
-0.672022
-0.540912
-0.537050
-0.556816
-0.625226
-0.566805
-0.678588
-0.603032
-0.515089
-0.565507
-0.552477
-0.780449
-0.668511
-0.649548
-0.530271
-0.558094
-0.591354
-0.698060
-0.532182
-0.462076
-0.494635
-0.689134
-0.537553
-0.698046
-0.586157
-0.489801
-0.642788
-0.579484
-0.536819
-0.694459
-0.498191
-0.512998
-0.485276
-0.431917
-0.697944
-0.453027
-0.435765
-0.395465
-0.432687
-0.674625
-0.579759
-0.540135
-0.468273
-0.563421
-0.558144
-0.661412
-0.640293
-0.499909
-0.407963
-0.483803
-0.455239
-0.360429
-0.609780
-0.346527
-0.605018
-0.446029
-0.339039
-0.368583
-0.356328
-0.471065
-0.395079
-0.481267
-0.387417
-0.415511
-0.565013
-0.464289
-0.481425
-0.565360
-0.473510
-0.277384
-0.320972
-0.289180
-0.440700
-0.534120
-0.440053
-0.316549
-0.379406
-0.430973
-0.392630
-0.485719
-0.425553
-0.351787
-0.429064
-0.218898
-0.225041
-0.325791
-0.458072
-0.425422
-0.375881
-0.201133
-0.287740
-0.290911
-0.444820
-0.441530
-0.184899
-0.348649
-0.256954
-0.445052
-0.441727
-0.307650
-0.328419
-0.408071
-0.379160
-0.334554
-0.264852
-0.289122
-0.251924
-0.211768
-0.327820
-0.280011
-0.170930
-0.319080
-0.107917
-0.202995
-0.297418
-0.260800
-0.368413
-0.306081
-0.278817
-0.301327
-0.287223
-0.245550
-0.137582
-0.233603
-0.271872
-0.052479
-0.335171
-0.257981
-0.289335
-0.323392
-0.028180
-0.183232
-0.029557
-0.173920
-0.296850
-0.173987
-0.016939
-0.220979
-0.227791
-0.131056
-0.134429
-0.177092
-0.058613
-0.135517
-0.027522
-0.225241
-0.090687
-0.032548
0.042631
0.062628
-0.149667
-0.043500
0.002461
-0.013334
-0.095630
-0.202087
-0.080864
-0.003088
-0.066298
-0.075619
-0.084786
0.039675
-0.151050
-0.006152
0.124407
0.048429
0.057517
-0.057420
-0.051754
