-0.041851
0.038588
-0.001146
-0.061651
0.043920
-0.036148
0.073806
-0.025081
0.026804
0.063396
0.027256
0.178993
0.081606
0.011711
0.022559
0.199242
0.042945
-0.069618
0.062431
0.149311
0.122379
0.124928
0.181372
0.032417
-0.028623
0.198085
0.078316
0.227246
0.153757
0.074169
0.111039
0.223563
0.179005
0.260799
0.247395
0.010557
0.192406
0.029080
0.125506
0.246778
0.258689
0.288875
0.128094
0.244283
0.209937
0.313929
0.074042
0.108622
0.111866
0.124131
0.350115
0.291240
0.140305
0.219011
0.324546
0.109509
0.129382
0.214125
0.214635
0.196512
0.405966
0.155151
0.189033
0.314936
0.314520
0.155034
0.200729
0.432242
0.433770
0.379735
0.258525
0.452419
0.292763
0.461329
0.198975
0.260845
0.220499
0.408514
0.240822
0.260768
0.192223
0.393453
0.327275
0.254546
0.428549
0.357838
0.305097
0.441546
0.485122
0.461796
0.326442
0.474669
0.399722
0.468354
0.393757
0.444546
0.494036
0.478710
0.507145
0.287737
0.463415
0.414830
0.294783
0.390318
0.367112
0.411405
0.553859
0.337120
0.553369
0.506293
0.519329
0.565567
0.595186
0.509909
0.340931
0.551796
0.389763
0.577265
0.467327
0.388229
0.416100
0.434736
0.454190
0.441170
0.488914
0.558927
0.396194
0.610409
0.510311
0.578827
0.517923
0.447323
0.500518
0.639656
0.404602
0.659999
0.596875
0.671309
0.665164
0.466692
0.592623
0.567722
0.465237
0.705106
0.675018
0.551495
0.555460
0.738526
0.586923
0.539843
0.524806
0.703450
0.674072
0.608398
0.519867
0.492272
0.655884
0.513672
0.655409
0.564117
0.614051
0.731703
0.740425
0.688037
0.578728
0.694157
0.582638
0.670010
0.537095
0.619760
0.743447
0.598994
0.668321
0.570909
0.615996
0.575900
0.594619
0.831493
0.824263
0.839409
0.684202
0.664531
0.744904
0.834240
0.739163
0.680462
0.607791
0.711603
0.716752
0.755394
0.672863
0.752071
0.807875
0.801211
0.808975
0.716055
0.697133
0.827728
0.842176
0.830673
0.754349
0.824304
0.700220
0.639946
0.644097
0.863443
0.835701
0.681983
0.674374
0.706064
0.789703
0.942920
0.716523
0.733195
0.801166
0.786926
0.674490
0.780698
0.947623
0.847402
0.827947
0.694238
0.861264
0.923012
0.766595
0.977707
0.768846
0.919477
0.947806
0.824498
0.894788
0.793799
0.821256
0.868238
0.799121
0.705884
0.777395
0.901482
0.852086
0.870635
0.883511
0.787504
0.846058
0.757706
0.834637
1.024138
0.770721
0.858654
0.877682
0.860158
1.022481
0.919912
0.927637
0.929523
0.927823
1.036723
1.039195
0.817483
1.008823
0.833253
1.002911
0.937944
0.912189
0.938304
0.783297
0.976611
1.011488
0.783236
0.863950
0.837822
0.894130
0.903603
0.989698
0.804033
0.818588
1.041018
1.082275
1.017099
0.790476
1.018388
1.073632
0.802754
0.913372
1.068049
0.898234
0.807222
1.065046
0.947525
0.933302
0.998374
1.035286
1.025046
1.026873
1.037842
1.037121
1.018800
0.974835
1.060077
0.909698
0.842483
1.055172
0.912969
0.995164
1.073892
0.905045
1.106428
0.895385
0.892823
0.921569
1.098184
1.120990
1.062081
0.879886
1.048357
1.027314
0.831304
1.010932
1.029390
1.052534
1.003642
0.938882
0.918335
0.885759
1.037820
1.025516
1.043795
1.100474
0.862599
0.879939
1.044782
1.038046
0.986939
1.110095
1.114713
1.058501
0.844459
0.845678
0.876428
1.083871
0.966496
0.983359
0.865689
1.055050
0.904541
0.924541
0.964123
1.101689
0.852869
0.970470
0.891223
1.015858
0.883393
1.028836
0.962953
1.127756
1.097585
1.060277
0.889315
0.892666
0.880203
0.974334
0.864525
1.020279
0.978250
1.036881
1.018784
0.905806
0.915677
0.855175
0.977525
1.114913
1.049561
1.075487
1.077693
1.042585
0.965172
0.912246
0.904156
0.852651
1.078253
1.017170
1.066132
1.006687
1.038594
0.935905
1.045178
1.052945
0.999486
1.052504
0.912925
0.856628
1.093938
0.857434
1.123760
0.945453
0.968457
0.931798
0.893330
0.893137
1.040721
0.894883
1.065186
1.107837
1.015825
1.127214
0.853875
0.876453
0.986595
1.030702
0.836704
0.905294
0.828630
1.122543
1.002019
0.829061
1.072109
1.038511
1.027845
1.017537
0.855070
1.003054
0.970806
1.031823
0.835304
1.105434
1.065299
1.102916
1.039737
0.853416
0.877357
0.830683
1.014089
0.991520
0.966433
0.869382
0.950106
0.823018
0.876767
0.821433
0.834811
0.962329
1.068700
0.886385
0.995929
0.976133
0.813494
0.832119
0.824669
0.918544
0.990529
0.983516
0.866808
0.993031
1.062344
0.895675
0.890223
0.877883
1.046573
0.800291
0.987300
1.026507
0.934836
0.846833
0.934479
0.765398
0.775231
0.802023
0.991183
1.008115
0.770895
1.007784
0.993142
0.870095
0.737776
0.830154
0.751566
1.018683
0.789947
0.977908
0.932177
0.814441
1.011350
0.937060
0.729363
0.775046
0.736938
0.977282
0.980604
0.698650
0.742485
0.976142
0.901478
0.710715
0.704741
0.874631
0.886902
0.732746
0.930836
0.958572
0.818203
0.959870
0.829665
0.872187
0.771979
0.694410
0.667035
0.812493
0.695793
0.771789
0.710202
0.797246
0.874428
0.697648
0.702961
0.909565
0.736117
0.703581
0.630576
0.690253
0.904773
0.785494
0.683123
0.883130
0.754916
0.625171
0.604965
0.874606
0.652937
0.628070
0.838476
0.620901
0.703075
0.630615
0.621514
0.835206
0.773364
0.678713
0.826758
0.706233
0.787413
0.804476
0.784695
0.614009
0.577133
0.829083
0.809881
0.797317
0.815488
0.619117
0.614711
0.613155
0.577222
0.713369
0.711665
0.618644
0.713826
0.579747
0.652870
0.771637
0.742230
0.611567
0.658513
0.492323
0.526721
0.571843
0.630685
0.494111
0.601968
0.714672
0.638780
0.474324
0.515492
0.670957
0.589832
0.665166
0.496946
0.571048
0.726260
0.434515
0.617405
0.685697
0.420629
0.542628
0.468748
0.444164
0.627141
0.422614
0.483289
0.608968
0.391284
0.428773
0.536232
0.396189
0.542499
0.598367
0.385104
0.480776
0.544693
0.393045
0.384402
0.597038
0.380364
0.409550
0.444261
0.610625
0.589214
0.373557
0.426049
0.466742
0.496746
0.539642
0.581583
0.443071
0.561277
0.447337
0.356663
0.318214
0.417724
0.552227
0.329180
0.315086
0.552472
0.470749
0.346412
0.285198
0.414528
0.505343
0.364747
0.381158
0.262953
0.458590
0.399290
0.323419
0.221344
0.392927
0.241102
0.341410
0.272204
0.447030
0.335217
0.201926
0.436716
0.320969
0.237004
0.241747
0.369051
0.296244
0.379883
0.196664
0.358489
0.255472
0.358165
0.254145
0.260729
0.275814
0.254104
0.323598
0.341879
0.129517
0.201582
0.339173
0.374270
0.320176
0.288155
0.126750
0.209990
0.152284
0.316552
0.111916
0.073154
0.305830
0.174304
0.297432
0.096411
0.331008
0.113036
0.239816
0.235728
0.200746
0.312076
0.261395
0.261131
0.255670
0.114385
0.257896
0.030090
0.251671
0.005336
0.044844
0.051849
-0.007153
0.043817
-0.004079
0.170579
0.197911
0.089856
0.032589
0.149206
0.126531
0.014339
0.019361
0.114540
0.081453
0.031648
-0.002582
0.185581
-0.011581
0.047415
-0.078327
-0.066660
0.011071
0.152003
-0.020892
0.031622
-0.119448
0.096597
-0.082436
0.101465
-0.036169
0.071270
-0.074438
0.135455
0.104353
-0.093170
0.080777
-0.052142
0.103071
0.013187
0.028899
-0.062559
0.011567
-0.156022
-0.193231
-0.110546
-0.205869
-0.113072
-0.112974
0.048091
-0.082340
0.057337
-0.224578
-0.151054
-0.081540
-0.238622
-0.129187
0.025763
0.003206
-0.009155
-0.108734
-0.185432
-0.079609
-0.092899
-0.227269
-0.145917
-0.165839
-0.153846
-0.163297
-0.072011
-0.156429
-0.206701
-0.037149
-0.315952
-0.284628
-0.246157
-0.315698
-0.159276
-0.167430
-0.177175
-0.221274
-0.132975
-0.181586
-0.282420
-0.174564
-0.219621
-0.298657
-0.113417
-0.323585
-0.391174
-0.185088
-0.322344
-0.182806
-0.231602
-0.234238
-0.353221
-0.277200
-0.375334
-0.186733
-0.248762
-0.188842
-0.394854
-0.192913
-0.379541
-0.242894
-0.311907
-0.362984
-0.333438
-0.364713
-0.231312
-0.237144
-0.225604
-0.403258
-0.263334
-0.253870
-0.492300
-0.313444
-0.295090
-0.304965
-0.395973
-0.343738
-0.274269
-0.435305
-0.349334
-0.429455
-0.326229
-0.419514
-0.368718
-0.315843
-0.546196
-0.533548
-0.498785
-0.441157
-0.302603
-0.382945
-0.453590
-0.465361
-0.551279
-0.344885
-0.400060
-0.540279
-0.510748
-0.388231
-0.428757
-0.521217
-0.559088
-0.586031
-0.356392
-0.601461
-0.438096
-0.640836
-0.488590
-0.370914
-0.559828
-0.535123
-0.511471
-0.640043
-0.374134
-0.643751
-0.470341
-0.386618
-0.531562
-0.420930
-0.614708
-0.656639
-0.570930
-0.438227
-0.600980
-0.578105
-0.425337
-0.589218
-0.603654
-0.650757
-0.577813
-0.484023
-0.517750
-0.637323
-0.542726
-0.578562
-0.642285
-0.565742
-0.697925
-0.672024
-0.662212
-0.670138
-0.688754
-0.633540
-0.519613
-0.733824
-0.584036
-0.562891
-0.749144
-0.708813
-0.599752
-0.539678
-0.786730
-0.747414
-0.788365
-0.619393
-0.657565
-0.622144
-0.741264
-0.654526
-0.651672
-0.769215
-0.833487
-0.618222
-0.665516
-0.667142
-0.803967
-0.830588
-0.694758
-0.568569
-0.818496
-0.687862
-0.636526
-0.758480
-0.694017
-0.850552
-0.698449
-0.677173
-0.829962
-0.760406
-0.725184
-0.726763
-0.822904
-0.832713
-0.715245
-0.634046
-0.815662
-0.613419
-0.875547
-0.803020
-0.799056
-0.792272
-0.668299
-0.777461
-0.926699
-0.926954
-0.762611
-0.827843
-0.752337
-0.736446
-0.711077
-0.652574
-0.781344
-0.823262
-0.905261
-0.688261
-0.696972
-0.834734
-0.686140
-0.730228
-0.891606
-0.802724
-0.774222
-0.802236
-0.703083
-0.949863
-0.948959
-0.904888
-0.713246
-0.958907
-0.908610
-0.938245
-0.755415
-0.976905
-0.839261
-0.870222
-0.771451
-0.865941
-0.837173
-0.896454
-0.877659
-0.914020
-0.762159
-0.818928
-0.729890
-0.986322
-0.808588
-0.758014
-0.911651
-0.915964
-0.759184
-0.876008
-0.917269
-0.833379
-1.003606
-0.936167
-0.842456
-0.884484
-0.840574
-0.793997
-0.792967
-0.890381
-0.918362
-0.948536
-1.027085
-0.805676
-0.992083
-0.979019
-1.029767
-0.969227
-0.949183
-1.019421
-1.078750
-0.912409
-0.992897
-0.981211
-0.987752
-0.788280
-1.047630
-0.898515
-1.042462
-0.911852
-1.063222
-0.837887
-0.891210
-0.905104
-0.908247
-1.038998
-0.931729
-0.983242
-1.002176
-0.960710
-0.829416
-1.069835
-1.098081
-0.939502
-0.851611
-0.923410
-1.016234
-0.974461
-1.110012
-0.953781
-0.881170
-0.927270
-0.837556
-0.988027
-0.884404
-1.013367
-0.828172
-0.942215
-1.112746
-1.048544
-1.072463
-0.835623
-1.008573
-1.083355
-1.061972
-0.865980
-0.860353
-0.883036
-0.850745
-1.016711
-1.100894
-0.891061
-0.885582
-0.941778
-1.098100
-0.901469
-0.945181
-1.078024
-1.140161
-0.967871
-1.083341
-0.989324
-0.982992
-1.092528
-0.932638
-0.865477
-1.101343
-0.960808
-0.967504
-0.994919
-0.913737
-1.000461
-1.042359
-1.028942
-1.111354
-0.888391
-1.148771
-0.872286
-1.019927
-1.061825
-1.120149
-0.903329
-0.989069
-0.925836
-0.896574
-0.939699
-0.958459
-1.147172
-1.009686
-0.903659
-0.985387
-0.973184
-0.980040
-1.044190
-0.985167
-1.020564
-0.941240
-0.902349
-0.910987
-0.926619
-1.086116
-1.033854
-0.926270
-0.913024
-1.015598
-1.056932
-1.059519
-0.974971
-0.996626
-0.895560
-0.970418
-0.887508
-1.127952
-0.947107
-0.990195
-1.065259
-0.860766
-0.880024
-0.852850
-1.032744
-0.911484
-1.077736
-1.026912
-0.893389
-0.858990
-1.038495
-0.851070
-0.897496
-0.901302
-1.097203
-0.925147
-0.885028
-1.033157
-1.020535
-0.991672
-0.984718
-0.851727
-1.055265
-0.933061
-0.905743
-1.022129
-0.987505
-0.998956
-0.974985
-0.913289
-1.036669
-1.017666
-0.996163
-0.893902
-0.829771
-1.040962
-0.921561
-1.083620
-0.903241
-0.824012
-1.073924
-1.040083
-0.973499
-0.956843
-0.967966
-0.896797
-0.930451
-0.836238
-0.804371
-0.965684
-0.857086
-1.051512
-0.808837
-0.870630
-0.991048
-0.922280
-0.825795
-0.977466
-0.794896
-0.922044
-0.783013
-0.944345
-0.865655
-0.894587
-0.784301
-0.782474
-0.957418
-0.897327
-0.778292
-0.970144
-0.942240
-0.836765
-0.876439
-0.842339
-1.012115
-0.844393
-0.949197
-0.887873
-1.019803
-0.956459
-0.824096
-0.970777
-0.841103
-0.959904
-1.000281
-0.737543
-0.882455
-1.002912
-0.869078
-0.738501
-0.890762
-0.767661
-0.925663
-0.729603
-0.928297
-0.906747
-0.871100
-0.738312
-0.706966
-0.812696
-0.881773
-0.909716
-0.829821
-0.708948
-0.839041
-0.762023
-0.751295
-0.799022
-0.743155
-0.931634
-0.734109
-0.798399
-0.864906
-0.782993
-0.854352
-0.894768
-0.888358
-0.829504
-0.835107
-0.805499
-0.662225
-0.848844
-0.700224
-0.673546
-0.851825
-0.913306
-0.700239
-0.727297
-0.642473
-0.867540
-0.750162
-0.661183
-0.722611
-0.716386
-0.887139
-0.819861
-0.876398
-0.608745
-0.743878
-0.889429
-0.683186
-0.740624
-0.867878
-0.777256
-0.651758
-0.737466
-0.647810
-0.797435
-0.730893
-0.695144
-0.640347
-0.825300
-0.663520
-0.763037
-0.646924
-0.556732
-0.556291
-0.785559
-0.623540
-0.744377
-0.701624
-0.619691
-0.582299
-0.643102
-0.554670
-0.655290
-0.803817
-0.589893
-0.520675
-0.625510
-0.601712
-0.538304
-0.774925
-0.639722
-0.582028
-0.568071
-0.581585
-0.715431
-0.539452
-0.581615
-0.758314
-0.586830
-0.486171
-0.702826
-0.473004
-0.578734
-0.622692
-0.693290
-0.633790
-0.656133
-0.627243
-0.556058
-0.642585
-0.456784
-0.477738
-0.530383
-0.538685
-0.428307
-0.475768
-0.443289
-0.591175
-0.395566
-0.432856
-0.628062
-0.390465
-0.504086
-0.600631
-0.583324
-0.487307
-0.529297
-0.375165
-0.639611
-0.462753
-0.613434
-0.620226
-0.586565
-0.458605
-0.508048
-0.559037
-0.567586
-0.435524
-0.324497
-0.580719
-0.486842
-0.430485
-0.572121
-0.453006
-0.452445
-0.315238
-0.521871
-0.333318
-0.482497
-0.406323
-0.487506
-0.368034
-0.365637
-0.450489
-0.393091
-0.441011
-0.250582
-0.306431
-0.366484
-0.303737
-0.353621
-0.504436
-0.365461
-0.499868
-0.290016
-0.399867
-0.386315
-0.364001
-0.410388
-0.337244
-0.271444
-0.441412
-0.308739
-0.276251
-0.400122
-0.364868
-0.285471
-0.215410
-0.434148
-0.236005
-0.310983
-0.296338
-0.248889
-0.312374
-0.424642
-0.212360
-0.340298
-0.264190
-0.368900
-0.231925
-0.140552
-0.346278
-0.316811
-0.154647
-0.160433
-0.232151
-0.085325
-0.080750
-0.286262
-0.241410
-0.252277
-0.239374
-0.102101
-0.335929
-0.269472
-0.180916
-0.211206
-0.174293
-0.054518
-0.265066
-0.164212
-0.256583
-0.280601
-0.108066
-0.011205
-0.071868
-0.238707
-0.006784
-0.162740
-0.151411
-0.189709
-0.200962
-0.035849
-0.055191
-0.110331
-0.239312
-0.179787
-0.166110
0.020585
-0.068866
0.054085
-0.157556
-0.004347
-0.202455
-0.095993
-0.109505
-0.097207
0.040545
0.062889
-0.148884
-0.029392
-0.081442
0.097216
-0.037007
-0.033728
0.118205
0.044992
-0.093440
0.085040
