-0.090519
-0.007436
0.155091
0.086787
0.100957
-0.000894
0.161877
0.103138
-0.075550
0.025779
0.050645
-0.037719
0.167559
-0.002855
0.011397
0.200536
0.151461
0.137464
0.161413
0.109733
-0.001037
0.000214
0.203207
0.148554
0.012087
0.238133
0.051778
0.179978
0.072194
0.102195
0.168952
0.222947
0.068369
0.240393
0.219641
0.228823
0.019134
0.302381
0.228911
0.318795
0.064528
0.275837
0.138942
0.292131
0.340466
0.310858
0.302313
0.065289
0.068963
0.283891
0.104643
0.291446
0.230653
0.239893
0.375155
0.206653
0.364803
0.103723
0.307917
0.372016
0.315479
0.230660
0.356764
0.375766
0.404882
0.224347
0.310739
0.237721
0.380091
0.350622
0.226982
0.318030
0.379498
0.413620
0.304668
0.437355
0.445958
0.201653
0.409740
0.243971
0.440383
0.428907
0.475186
0.497512
0.358243
0.356230
0.492296
0.380866
0.410749
0.242273
0.528839
0.326693
0.285723
0.423690
0.450269
0.405548
0.366568
0.554310
0.498127
0.342943
0.318451
0.287078
0.526049
0.328762
0.358609
0.457777
0.305459
0.334044
0.326665
0.343750
0.598063
0.469446
0.529084
0.367087
0.569596
0.461590
0.385880
0.444444
0.492699
0.377585
0.365983
0.613020
0.390919
0.474307
0.374457
0.492161
0.437526
0.492839
0.547772
0.404785
0.650294
0.592167
0.544343
0.455332
0.447601
0.578004
0.481949
0.698535
0.703725
0.472347
0.700546
0.633317
0.465746
0.495171
0.731654
0.612296
0.474691
0.460443
0.680015
0.530796
0.637727
0.744919
0.595184
0.484717
0.749737
0.518805
0.530328
0.603994
0.732711
0.732311
0.612322
0.725412
0.606577
0.640836
0.734911
0.551682
0.565781
0.788363
0.651647
0.753055
0.525909
0.585556
0.591982
0.619037
0.579692
0.674145
0.778928
0.751314
0.608050
0.833642
0.672342
0.656387
0.673941
0.646397
0.657559
0.725968
0.594208
0.733690
0.692459
0.788295
0.871127
0.789680
0.673558
0.880770
0.658864
0.636316
0.653785
0.608393
0.805598
0.853104
0.861164
0.697665
0.735289
0.851710
0.852407
0.889628
0.658869
0.677578
0.931760
0.883561
0.907172
0.702211
0.932304
0.742312
0.764245
0.731196
0.739824
0.765167
0.681077
0.687933
0.675098
0.882324
0.868782
0.736204
0.817987
0.914286
0.927963
0.738151
0.713589
0.723931
0.760448
0.778905
0.911150
0.965256
0.827576
0.880431
0.819608
0.953183
0.863531
0.830175
0.734308
0.905068
0.803224
0.972282
0.906504
0.813051
0.905782
0.778315
0.830304
0.985555
0.941201
0.996366
0.814804
0.912691
0.766841
0.805212
0.896281
0.828134
0.967268
0.895992
0.996201
0.801041
1.008586
0.810088
0.907623
0.811366
0.926331
1.014623
0.888794
0.805948
0.801202
0.891813
0.972310
0.914011
0.885961
0.975073
0.843176
0.806180
0.948092
0.845788
0.875886
0.868273
0.832498
1.051935
0.997378
1.027588
0.904622
1.013797
0.955426
0.981309
0.852256
0.962812
0.904503
0.899605
0.915516
0.912477
1.029708
0.895088
1.028868
1.087729
0.956470
0.922101
0.954477
0.876820
0.912530
0.891917
0.991114
1.090810
0.852582
1.081124
0.951239
0.964192
0.833552
0.878325
1.103671
0.917378
1.012959
1.024109
0.897490
1.039903
1.112804
0.926493
1.104463
0.875432
1.115483
0.957959
0.941269
1.031531
0.935843
0.930714
1.137606
0.974889
0.985579
0.916174
0.943616
0.849950
0.982009
1.114958
0.901832
0.936093
0.993451
1.024045
1.083206
0.883329
0.966979
1.039621
1.034905
0.962789
1.099086
1.057147
1.060411
1.134407
0.988726
0.890058
1.017891
1.064277
0.945709
1.111679
1.137813
0.928317
1.073584
1.139479
1.116470
1.105546
0.959923
0.926925
1.115339
1.109769
1.066983
1.007446
1.049921
0.959554
1.051758
1.098462
1.122219
0.880762
1.117985
1.033225
1.013146
1.102517
1.052837
0.942221
0.950965
0.938576
0.932407
0.999540
1.125991
0.896394
0.880178
1.066298
0.983485
0.879639
0.878599
1.089330
1.053866
0.959557
1.119319
0.898713
0.876192
1.043083
1.027904
0.920819
0.859177
0.863645
1.026994
0.976615
0.890265
0.987593
1.124319
1.049093
0.888489
1.064396
1.022009
0.982063
1.034872
1.107184
0.942555
1.068371
0.835066
0.937795
0.972991
1.041095
1.071900
1.044969
1.044309
1.015241
0.845607
0.966453
0.957122
0.805167
1.047558
0.867372
0.937542
0.963689
0.910245
0.906104
1.069352
0.875102
1.091045
0.883462
0.926370
0.793982
0.829657
0.940825
1.011998
1.059927
0.910840
0.790380
1.066012
0.997737
1.029058
0.933817
0.811962
0.865590
0.770908
1.012269
0.869253
1.000345
1.014090
0.793036
0.785393
0.791132
0.836093
0.942105
0.854018
0.793852
1.037097
0.862555
0.970786
0.992689
0.791003
1.013102
0.905970
1.023246
0.799265
0.741921
0.768245
0.901836
0.863129
0.805893
0.921994
0.834196
0.733757
0.733130
0.827137
0.971268
0.822970
0.882546
0.956529
0.923297
0.848780
0.980747
0.914199
0.911567
0.914508
0.819314
0.957444
0.819910
0.762562
0.676420
0.939394
0.922743
0.893553
0.744653
0.803533
0.793194
0.813049
0.696751
0.945199
0.791699
0.711668
0.928531
0.743581
0.747112
0.663143
0.683941
0.732482
0.651899
0.742286
0.885652
0.718895
0.691134
0.739606
0.854956
0.697748
0.886907
0.852838
0.817011
0.787857
0.851483
0.654990
0.752477
0.830155
0.584632
0.772366
0.726422
0.701166
0.810663
0.689040
0.749467
0.847441
0.847684
0.638956
0.701658
0.794743
0.719091
0.551387
0.755764
0.764699
0.544855
0.540588
0.668860
0.661776
0.579559
0.805124
0.643684
0.772426
0.694582
0.677151
0.587424
0.507975
0.529581
0.620635
0.675841
0.530944
0.591781
0.750243
0.470610
0.504536
0.496389
0.536460
0.735613
0.582396
0.661774
0.548632
0.674082
0.557042
0.716026
0.676786
0.513385
0.456601
0.451336
0.589485
0.676915
0.504152
0.684327
0.504037
0.496351
0.467104
0.681704
0.538410
0.567095
0.423903
0.379076
0.574150
0.413464
0.432827
0.604286
0.637010
0.474049
0.352003
0.477541
0.343178
0.507062
0.614582
0.600845
0.602354
0.327368
0.600842
0.586795
0.538878
0.414613
0.376224
0.470569
0.407418
0.306591
0.299173
0.437945
0.544944
0.550739
0.380698
0.293291
0.503261
0.319760
0.299216
0.295943
0.315041
0.424450
0.365329
0.470125
0.475286
0.526241
0.261125
0.475156
0.353743
0.415365
0.437503
0.237586
0.242483
0.284215
0.287058
0.357779
0.190020
0.305570
0.376518
0.283694
0.302783
0.434406
0.282142
0.438979
0.437458
0.247728
0.435079
0.192630
0.248934
0.319669
0.252464
0.295937
0.141972
0.339475
0.405193
0.264081
0.151885
0.120363
0.361066
0.261678
0.105693
0.376046
0.122696
0.355186
0.175632
0.296009
0.210912
0.260199
0.157085
0.307020
0.086236
0.114629
0.216734
0.230244
0.037291
0.040125
0.261180
0.031061
0.070532
0.207424
-0.001087
0.004804
0.125400
0.047743
-0.011282
0.200518
0.178926
0.219880
0.210784
0.066051
0.244621
0.222109
-0.004773
0.063732
-0.010171
0.003980
0.151573
0.141369
0.030671
0.001992
0.109120
0.091195
-0.012475
0.041605
0.115582
0.122883
-0.024041
-0.042770
0.130150
0.090432
-0.008580
-0.081866
-0.065263
-0.101692
-0.022158
-0.110659
-0.002177
-0.117738
0.044349
-0.016387
0.010270
-0.147063
-0.021841
-0.160894
-0.174687
0.076213
-0.173325
-0.143223
-0.091380
-0.207852
-0.176579
-0.083465
-0.129551
-0.106764
-0.193946
-0.062865
-0.116333
-0.226633
0.030175
-0.208288
0.005969
0.003508
-0.269220
-0.269095
-0.241822
-0.193546
-0.246067
-0.215223
-0.084078
-0.179075
-0.141772
-0.041595
-0.195452
-0.054671
-0.115594
-0.166611
-0.228252
-0.268601
-0.052984
-0.229039
-0.208948
-0.086473
-0.115059
-0.160760
-0.085035
-0.071034
-0.244475
-0.142089
-0.224699
-0.216976
-0.108272
-0.158423
-0.298836
-0.175841
-0.392876
-0.333277
-0.240081
-0.215593
-0.256514
-0.157565
-0.429991
-0.237862
-0.350671
-0.427290
-0.221818
-0.182403
-0.271381
-0.317891
-0.393300
-0.421021
-0.320923
-0.474884
-0.266860
-0.305982
-0.478690
-0.286696
-0.438006
-0.428268
-0.275382
-0.388759
-0.469756
-0.451267
-0.448244
-0.516297
-0.466271
-0.515111
-0.242894
-0.519711
-0.282043
-0.300173
-0.443426
-0.417354
-0.333657
-0.518548
-0.458829
-0.372313
-0.306929
-0.400967
-0.484685
-0.403365
-0.382581
-0.443082
-0.376683
-0.523072
-0.461875
-0.349232
-0.545652
-0.610255
-0.364674
-0.384263
-0.592906
-0.603605
-0.426616
-0.566004
-0.641544
-0.401873
-0.654427
-0.583016
-0.452899
-0.564408
-0.667678
-0.527643
-0.503064
-0.623050
-0.598503
-0.501882
-0.612667
-0.469550
-0.430893
-0.566437
-0.483057
-0.485748
-0.577938
-0.652866
-0.480232
-0.690951
-0.674094
-0.680111
-0.695188
-0.732591
-0.586964
-0.625087
-0.613604
-0.477338
-0.701885
-0.599822
-0.528779
-0.520445
-0.765826
-0.669945
-0.611680
-0.537207
-0.754611
-0.743398
-0.690784
-0.744421
-0.724603
-0.629117
-0.626019
-0.612124
-0.690468
-0.772051
-0.752024
-0.669698
-0.705319
-0.553831
-0.810659
-0.664531
-0.571247
-0.693394
-0.744639
-0.742864
-0.552028
-0.591409
-0.826656
-0.789714
-0.573293
-0.813159
-0.847625
-0.598709
-0.846355
-0.606094
-0.850569
-0.774216
-0.666976
-0.641928
-0.661364
-0.800936
-0.843974
-0.836834
-0.732239
-0.870890
-0.819085
-0.680440
-0.770712
-0.876662
-0.804358
-0.633268
-0.773374
-0.777239
-0.805052
-0.644567
-0.690166
-0.769319
-0.859365
-0.803434
-0.785154
-0.840519
-0.799473
-0.830623
-0.947784
-0.663653
-0.773457
-0.709192
-0.952507
-0.791172
-0.910678
-0.802699
-0.940018
-0.968322
-0.783567
-0.812707
-0.934851
-0.732134
-0.914983
-0.911140
-0.796408
-0.843962
-0.821389
-0.753179
-1.005415
-0.792372
-0.878887
-0.875803
-0.792614
-0.845128
-1.009068
-0.730858
-0.810357
-0.758800
-0.914044
-0.842459
-0.880557
-0.744327
-0.839609
-0.798894
-0.842681
-1.009919
-1.023716
-1.039759
-0.791965
-0.858879
-0.890010
-0.871096
-1.042837
-0.894938
-0.909152
-0.853568
-0.958176
-0.809932
-1.031311
-1.057682
-1.003067
-0.826731
-0.993826
-1.048570
-1.025508
-0.868401
-1.053046
-0.907414
-0.907957
-1.021568
-0.837582
-0.896511
-0.847849
-0.971371
-0.967454
-0.836713
-0.966817
-0.847595
-0.994687
-0.858508
-1.057048
-0.964754
-0.819967
-0.930818
-1.104589
-0.895916
-0.913897
-1.058213
-1.002438
-1.093499
-0.879294
-1.080569
-1.064030
-0.839061
-1.021402
-0.971467
-1.108106
-0.919741
-0.831772
-1.028852
-1.049158
-1.017433
-0.991280
-0.911051
-0.951043
-0.864833
-0.891246
-0.846613
-1.063742
-0.985391
-0.942583
-0.937701
-0.862428
-0.953586
-1.015303
-1.060268
-0.898948
-0.940367
-0.964277
-1.095444
-1.135091
-0.898613
-1.100704
-1.016919
-1.062776
-0.908768
-0.852274
-1.103438
-0.952580
-0.918136
-1.008326
-0.954515
-0.992696
-1.133630
-0.943163
-1.024295
-1.106552
-1.004780
-1.124565
-1.023679
-1.035818
-0.990658
-0.939510
-0.871054
-0.874441
-0.983989
-1.036771
-1.073619
-0.860326
-0.914319
-1.080620
-0.893290
-1.122485
-0.979566
-1.096928
-0.903115
-0.880452
-1.126169
-0.862235
-0.862747
-0.997469
-0.983490
-1.009200
-0.896052
-0.860834
-1.010941
-0.969895
-0.915007
-0.883203
-0.900432
-1.025856
-0.854675
-0.860197
-1.017502
-1.033736
-1.136716
-1.098066
-0.886262
-1.040813
-1.060227
-1.130036
-0.932557
-0.984409
-0.983467
-1.047921
-0.930137
-1.096395
-0.976154
-0.959841
-0.900924
-0.922803
-1.085027
-0.948087
-0.912711
-0.929048
-1.032207
-1.025127
-0.921071
-0.960033
-0.835751
-1.091872
-0.923680
-0.830480
-0.928769
-1.111401
-1.007614
-1.050872
-0.925120
-0.948691
-1.097243
-0.960649
-0.908698
-0.979639
-1.032857
-1.047282
-0.826650
-0.981448
-0.881630
-0.853650
-0.976406
-0.874650
-1.086005
-0.909845
-0.854067
-1.021355
-1.073835
-0.921891
-0.828278
-0.913085
-0.962286
-0.923757
-1.029437
-0.874924
-0.790001
-0.860537
-0.949097
-1.025044
-0.822565
-0.808939
-1.067138
-0.777606
-0.777200
-0.877313
-0.842892
-0.925201
-1.054026
-0.877344
-1.025248
-1.014939
-0.842444
-0.981737
-0.984727
-0.927620
-0.871923
-0.798203
-0.754771
-0.967974
-1.041210
-0.794009
-0.819782
-0.858283
-0.786003
-0.850287
-0.747569
-0.965476
-0.871727
-0.948856
-0.791990
-0.920975
-0.858439
-0.841584
-0.754743
-0.736948
-0.999998
-0.846384
-0.715554
-0.925092
-0.874700
-0.793354
-0.803253
-0.741453
-0.748234
-0.783295
-0.902458
-0.719359
-0.774979
-0.710324
-0.942442
-0.696235
-0.968536
-0.886468
-0.736221
-0.699146
-0.724824
-0.915198
-0.689907
-0.927998
-0.832820
-0.824643
-0.731499
-0.944946
-0.685222
-0.672278
-0.763628
-0.932751
-0.834564
-0.861335
-0.721796
-0.740481
-0.777775
-0.873876
-0.620861
-0.675889
-0.903610
-0.803888
-0.644169
-0.760740
-0.730615
-0.828432
-0.890292
-0.815247
-0.786584
-0.872826
-0.781075
-0.673810
-0.795180
-0.620606
-0.599655
-0.798066
-0.763432
-0.631697
-0.838202
-0.749845
-0.702332
-0.707874
-0.833136
-0.593669
-0.805569
-0.632947
-0.700682
-0.670848
-0.818695
-0.790164
-0.707991
-0.813145
-0.554296
-0.765147
-0.657743
-0.688015
-0.666383
-0.729523
-0.643567
-0.673511
-0.782678
-0.619885
-0.638112
-0.570322
-0.747924
-0.545790
-0.524994
-0.475632
-0.485675
-0.673822
-0.545642
-0.741637
-0.689763
-0.721743
-0.446917
-0.733348
-0.680074
-0.614449
-0.463479
-0.497004
-0.715945
-0.527076
-0.472175
-0.617890
-0.501471
-0.471104
-0.475529
-0.625192
-0.489085
-0.413618
-0.580989
-0.388819
-0.555610
-0.569760
-0.612924
-0.491183
-0.457316
-0.399238
-0.645862
-0.355375
-0.631105
-0.518938
-0.425150
-0.466945
-0.497142
-0.389690
-0.357402
-0.446177
-0.545959
-0.384230
-0.347280
-0.368998
-0.379307
-0.421621
-0.502323
-0.433686
-0.398580
-0.318003
-0.549879
-0.547011
-0.463154
-0.326231
-0.382942
-0.405018
-0.453520
-0.454728
-0.437492
-0.402877
-0.401099
-0.416076
-0.448001
-0.251665
-0.372442
-0.404457
-0.355802
-0.256629
-0.250190
-0.346745
-0.383215
-0.284067
-0.209690
-0.348868
-0.441180
-0.442806
-0.321697
-0.224775
-0.448062
-0.313391
-0.386708
-0.403893
-0.322270
-0.244251
-0.208806
-0.248528
-0.134454
-0.197011
-0.395730
-0.397331
-0.386928
-0.375609
-0.282898
-0.337052
-0.222405
-0.160943
-0.135909
-0.184754
-0.315641
-0.229719
-0.342059
-0.200639
-0.258875
-0.356852
-0.180975
-0.295305
-0.238052
-0.291215
-0.187629
-0.093217
-0.206832
-0.157141
-0.028607
-0.122413
-0.214323
-0.053963
-0.247802
-0.046437
-0.002628
-0.129239
-0.239134
-0.121678
-0.119612
0.018414
-0.162165
-0.209586
0.018226
-0.058131
0.014149
0.019090
-0.214398
-0.129612
-0.054157
0.001641
-0.104268
-0.121075
-0.179238
-0.015847
-0.158322
-0.127928
0.006897
0.015877
-0.187448
-0.025648
-0.127661
-0.162620
-0.078595
-0.144663
0.121235
-0.148965
0.108973
