-0.090519
-0.007436
0.048976
0.066901
0.100764
0.090373
0.057906
0.042870
0.053178
0.013259
0.026143
0.040682
0.037805
0.067784
0.105620
0.099601
0.132454
0.152121
0.111807
0.081557
0.094706
0.092134
0.072605
0.120439
0.130752
0.126106
0.110834
0.128856
0.115019
0.149253
0.126931
0.160571
0.184060
0.196035
0.155272
0.202074
0.199778
0.219609
0.186750
0.238090
0.205403
0.218047
0.222381
0.271647
0.276942
0.262211
0.217578
0.206263
0.165020
0.162846
0.195919
0.230105
0.248358
0.268760
0.283431
0.258045
0.271650
0.271022
0.292788
0.265959
0.316567
0.330137
0.336710
0.318484
0.334500
0.310691
0.311556
0.300704
0.301231
0.302689
0.331045
0.337750
0.328560
0.370634
0.396220
0.360651
0.359875
0.347735
0.348341
0.344931
0.399637
0.417192
0.440046
0.423216
0.435893
0.417029
0.399677
0.376483
0.411004
0.377884
0.358855
0.361443
0.403043
0.378385
0.386360
0.440077
0.454964
0.433499
0.416080
0.400182
0.394530
0.360657
0.363790
0.391655
0.395331
0.356930
0.356511
0.353539
0.381596
0.414394
0.453402
0.461486
0.506655
0.479360
0.462647
0.445719
0.470842
0.432439
0.413318
0.458746
0.448041
0.444363
0.443737
0.468973
0.433874
0.454258
0.468951
0.475016
0.506643
0.537571
0.547872
0.529384
0.537947
0.523489
0.501446
0.532284
0.581963
0.586912
0.611420
0.641694
0.595136
0.553425
0.605287
0.587637
0.555912
0.554851
0.591820
0.551648
0.556734
0.610780
0.637728
0.598669
0.642457
0.618672
0.575754
0.577516
0.627115
0.623630
0.642333
0.681350
0.681867
0.663492
0.664012
0.651884
0.619957
0.656315
0.658477
0.662106
0.656951
0.660906
0.621630
0.615108
0.580435
0.610082
0.648757
0.680623
0.678426
0.729216
0.728855
0.704347
0.688872
0.696542
0.661325
0.672050
0.659615
0.671564
0.680777
0.706924
0.735956
0.775050
0.763024
0.800686
0.774800
0.727837
0.700658
0.687625
0.672591
0.711439
0.756409
0.765185
0.790564
0.799786
0.799647
0.805340
0.797580
0.786038
0.802048
0.808279
0.811788
0.820456
0.871401
0.833512
0.809649
0.774453
0.781976
0.748549
0.736302
0.721039
0.709820
0.738320
0.759043
0.770068
0.796079
0.843916
0.853044
0.826918
0.822395
0.803584
0.772816
0.743005
0.777604
0.827938
0.848667
0.872663
0.880804
0.889211
0.868866
0.869385
0.840161
0.857253
0.827261
0.849011
0.864277
0.880026
0.880168
0.875187
0.846791
0.862601
0.888231
0.906348
0.913646
0.930123
0.886381
0.859183
0.839166
0.841832
0.852747
0.878577
0.916775
0.897727
0.933818
0.902382
0.904708
0.867741
0.892799
0.894006
0.909747
0.889412
0.887380
0.880476
0.872013
0.877057
0.893059
0.927834
0.918106
0.884880
0.891696
0.883662
0.863824
0.868844
0.874107
0.894876
0.925194
0.955534
0.962804
0.999064
0.979762
0.976548
0.941482
0.953120
0.931261
0.920097
0.906938
0.918983
0.932362
0.930479
0.956331
0.990774
0.999573
0.978051
0.989929
0.959519
0.924480
0.911569
0.925372
0.952638
0.947791
0.981509
0.993374
0.987989
0.936538
0.941686
0.946196
0.939424
0.949177
0.987288
0.991121
0.978368
1.017453
1.000160
1.016231
1.011819
1.026935
0.995966
0.998921
0.984335
0.996417
0.959463
0.995393
1.002117
0.992926
0.988992
0.991573
0.934042
0.935466
0.961341
0.958473
0.956968
0.985669
0.994076
0.987725
0.984025
0.990202
0.999436
1.001608
0.977524
1.020676
1.038710
1.042868
1.062768
1.067955
1.026150
1.018299
1.019072
0.981332
1.005923
1.055474
1.037559
1.039420
1.078174
1.079132
1.072679
1.079000
1.049668
1.044840
1.043500
1.035788
1.045292
1.069891
1.038734
1.027132
1.033428
1.056383
1.022551
1.054237
1.050530
1.033467
1.029527
1.063942
1.028789
1.012337
0.997423
0.963401
0.952742
0.989496
0.978582
0.966902
0.993680
0.990469
0.941199
0.937640
0.979470
0.976984
0.972198
1.020134
1.024157
0.981529
0.979373
0.993042
0.953342
0.945435
0.942926
0.939708
0.929450
0.923339
0.949023
1.001157
1.005577
0.987952
1.022778
1.029661
1.001210
0.998366
1.042105
1.017737
1.027009
0.997610
0.978194
0.951356
0.971064
0.971769
1.013750
1.035053
1.043503
1.004405
0.983316
0.965747
0.917918
0.924382
0.928735
0.922952
0.924266
0.945281
0.916991
0.957387
0.944899
0.970370
0.965013
0.969066
0.913992
0.904903
0.874859
0.900567
0.927278
0.950649
0.942794
0.967831
0.964979
0.958806
0.963401
0.967717
0.927633
0.882267
0.878909
0.865996
0.903673
0.933373
0.937799
0.892423
0.876799
0.843949
0.829552
0.841748
0.843440
0.892633
0.897925
0.903662
0.931396
0.930826
0.926027
0.934710
0.945202
0.906517
0.896701
0.847729
0.846903
0.814879
0.816205
0.852219
0.865410
0.831794
0.805794
0.810043
0.819898
0.817653
0.847410
0.892090
0.911322
0.886824
0.918380
0.924711
0.915718
0.913960
0.908067
0.903407
0.884549
0.854748
0.807130
0.831146
0.824206
0.838935
0.835353
0.860775
0.831535
0.809597
0.770236
0.810345
0.807979
0.791673
0.814770
0.824136
0.784518
0.758807
0.753262
0.714052
0.695716
0.694750
0.739252
0.746243
0.737973
0.755515
0.778049
0.740468
0.774070
0.806411
0.821892
0.808472
0.839219
0.792836
0.772764
0.775393
0.734748
0.718924
0.733211
0.722948
0.719050
0.739932
0.735352
0.759556
0.788859
0.754518
0.757041
0.766097
0.740427
0.681167
0.704529
0.717137
0.667159
0.631459
0.654953
0.636156
0.599128
0.651182
0.671801
0.692514
0.699075
0.718594
0.675054
0.647912
0.599343
0.584553
0.584291
0.572995
0.589757
0.633889
0.603884
0.569623
0.562712
0.551648
0.548722
0.571079
0.602527
0.612975
0.640500
0.604785
0.631511
0.634514
0.627464
0.583968
0.562827
0.537519
0.537545
0.535698
0.581243
0.591784
0.573157
0.531195
0.566705
0.537522
0.550133
0.535644
0.518038
0.496527
0.471538
0.444684
0.480761
0.532348
0.512328
0.500035
0.508978
0.456757
0.430767
0.458874
0.508642
0.533605
0.530443
0.549199
0.543641
0.531248
0.493699
0.503471
0.477416
0.441541
0.395083
0.371995
0.384340
0.399215
0.427879
0.442700
0.441524
0.454587
0.409550
0.359246
0.342295
0.346645
0.330882
0.339996
0.374178
0.410047
0.452287
0.419622
0.441587
0.418311
0.406326
0.388579
0.383871
0.337336
0.323431
0.297769
0.281825
0.272311
0.284929
0.303389
0.302717
0.291717
0.340595
0.335909
0.348401
0.379154
0.368143
0.368278
0.350375
0.312366
0.288808
0.289756
0.261927
0.251796
0.269904
0.287009
0.289332
0.260522
0.256200
0.260518
0.231815
0.200137
0.244970
0.245436
0.244260
0.227051
0.265114
0.232087
0.259588
0.219968
0.246245
0.204291
0.185034
0.176341
0.190973
0.137027
0.127805
0.157115
0.119981
0.088038
0.122065
0.113822
0.062547
0.081415
0.076857
0.033116
0.073437
0.108261
0.127157
0.159766
0.175232
0.184053
0.192689
0.147759
0.118348
0.103104
0.054976
0.040869
0.070097
0.063485
0.065917
0.086945
0.074870
0.044101
0.046288
0.069006
0.071758
0.048711
0.042652
0.060361
0.055331
0.029039
0.017474
0.012975
-0.033393
-0.055911
-0.076327
-0.060389
-0.070884
-0.041676
-0.040522
-0.016336
-0.045313
-0.026134
-0.067183
-0.098843
-0.085654
-0.090906
-0.115183
-0.101280
-0.107913
-0.158471
-0.140499
-0.137765
-0.140842
-0.138061
-0.115318
-0.121891
-0.141308
-0.113920
-0.116788
-0.103022
-0.079053
-0.087571
-0.147425
-0.154132
-0.194035
-0.243950
-0.233150
-0.196147
-0.183597
-0.173243
-0.132348
-0.128394
-0.122513
-0.109816
-0.114784
-0.152116
-0.166745
-0.166408
-0.189097
-0.197564
-0.169209
-0.138500
-0.160055
-0.131255
-0.103672
-0.135272
-0.140678
-0.153466
-0.179854
-0.187302
-0.170091
-0.201441
-0.191669
-0.226849
-0.271850
-0.288182
-0.271533
-0.287668
-0.240606
-0.259948
-0.259505
-0.286520
-0.320675
-0.333526
-0.284008
-0.290712
-0.284156
-0.277358
-0.317199
-0.344903
-0.385603
-0.375397
-0.357934
-0.369467
-0.362622
-0.355246
-0.387528
-0.381408
-0.363422
-0.400034
-0.402686
-0.406681
-0.454864
-0.470367
-0.479438
-0.437763
-0.452056
-0.405206
-0.371986
-0.357649
-0.392541
-0.355330
-0.402631
-0.434362
-0.420140
-0.398055
-0.411517
-0.404744
-0.393651
-0.395705
-0.422936
-0.418079
-0.425756
-0.437458
-0.430788
-0.451302
-0.498017
-0.466337
-0.450815
-0.499550
-0.511140
-0.474412
-0.514678
-0.566135
-0.527928
-0.538092
-0.569372
-0.546751
-0.531324
-0.584485
-0.559129
-0.543138
-0.577168
-0.583987
-0.550828
-0.567833
-0.561130
-0.522699
-0.516286
-0.512521
-0.487137
-0.508814
-0.553209
-0.535968
-0.577547
-0.615216
-0.635651
-0.644115
-0.694587
-0.673789
-0.663988
-0.650687
-0.607117
-0.600975
-0.603547
-0.584285
-0.565654
-0.623351
-0.616963
-0.619335
-0.621020
-0.667854
-0.663368
-0.667536
-0.694084
-0.731563
-0.706464
-0.682989
-0.667257
-0.656466
-0.665956
-0.690537
-0.699273
-0.717912
-0.690584
-0.698306
-0.680807
-0.661117
-0.658732
-0.696894
-0.683335
-0.660834
-0.664867
-0.691519
-0.700534
-0.666620
-0.718846
-0.770089
-0.724500
-0.735828
-0.742388
-0.749870
-0.735188
-0.748842
-0.707956
-0.719010
-0.709084
-0.723035
-0.757007
-0.775069
-0.816974
-0.820604
-0.787897
-0.774673
-0.803557
-0.790251
-0.753088
-0.771675
-0.772980
-0.758658
-0.726700
-0.738079
-0.737268
-0.753694
-0.753370
-0.781487
-0.811558
-0.817589
-0.811840
-0.840710
-0.816410
-0.802998
-0.784941
-0.809318
-0.777996
-0.827401
-0.833249
-0.879414
-0.882577
-0.881056
-0.861462
-0.887893
-0.846316
-0.835648
-0.861163
-0.857903
-0.839725
-0.857576
-0.825215
-0.844070
-0.843263
-0.850248
-0.861131
-0.869018
-0.836960
-0.880300
-0.850694
-0.837605
-0.830842
-0.844625
-0.811303
-0.841243
-0.828037
-0.844199
-0.821169
-0.821213
-0.847086
-0.902963
-0.942993
-0.941608
-0.944847
-0.920865
-0.890341
-0.890957
-0.911552
-0.921606
-0.914318
-0.931734
-0.885153
-0.912427
-0.942133
-0.972033
-0.945744
-0.982523
-0.985975
-0.979540
-0.952607
-0.997870
-0.980587
-0.952465
-0.951677
-0.945513
-0.914206
-0.902293
-0.914976
-0.904153
-0.903979
-0.918041
-0.917990
-0.922653
-0.900864
-0.944931
-0.944518
-0.938993
-0.926219
-0.975435
-0.943209
-0.933037
-0.980686
-0.995010
-0.992792
-0.989468
-1.022802
-1.023966
-0.991290
-0.976871
-0.995306
-1.000813
-0.971955
-0.970497
-0.971987
-0.987525
-0.969391
-0.983699
-0.999554
-0.983993
-0.947128
-0.921890
-0.892957
-0.923495
-0.930365
-0.945915
-0.955206
-0.958369
-0.936337
-0.942320
-0.965857
-0.958106
-0.973694
-0.975832
-0.991860
-1.006825
-1.006758
-1.038825
-1.049354
-1.042820
-0.997556
-0.988288
-0.988835
-0.975967
-0.947039
-0.966950
-0.987399
-0.965250
-1.001460
-1.006466
-1.009659
-1.040067
-1.042484
-1.040671
-1.056774
-1.059078
-1.035899
-1.022845
-0.972143
-0.942296
-0.931930
-0.941152
-0.967974
-0.965829
-0.973804
-0.993130
-0.964434
-0.974207
-0.998055
-1.034577
-0.999076
-0.996509
-0.997245
-0.973779
-0.926943
-0.945814
-0.966421
-0.943028
-0.949791
-0.949408
-0.952103
-0.949384
-0.930545
-0.927975
-0.935895
-0.938878
-0.915834
-0.904872
-0.931732
-0.958393
-0.980565
-1.029243
-1.034456
-1.039118
-1.044416
-1.043080
-1.009978
-1.029608
-1.018139
-1.015677
-0.975698
-1.008465
-1.006814
-1.002089
-0.972690
-0.971223
-0.968949
-0.963336
-0.953910
-0.959535
-0.981415
-0.969435
-0.964032
-0.973497
-0.954837
-0.966770
-0.946481
-0.928362
-0.922110
-0.977240
-0.960388
-0.985826
-1.004754
-1.008739
-1.005907
-0.996514
-0.968080
-0.978983
-0.995816
-0.985824
-0.959024
-0.973574
-0.953973
-0.918131
-0.903956
-0.913556
-0.934467
-0.940110
-0.940194
-0.949184
-0.989021
-0.956198
-0.939884
-0.951688
-0.939874
-0.909859
-0.931368
-0.940697
-0.916080
-0.895730
-0.900798
-0.899920
-0.889448
-0.893236
-0.934556
-0.900258
-0.850689
-0.861638
-0.868429
-0.840042
-0.895326
-0.915355
-0.944942
-0.979351
-0.962800
-0.948342
-0.969818
-0.950293
-0.921690
-0.912841
-0.867448
-0.864098
-0.886816
-0.871233
-0.875549
-0.896251
-0.859857
-0.821672
-0.812384
-0.841523
-0.844212
-0.876782
-0.865123
-0.899804
-0.878397
-0.872368
-0.833546
-0.822537
-0.838342
-0.835931
-0.810725
-0.844795
-0.872345
-0.831016
-0.822390
-0.827570
-0.792198
-0.773917
-0.795738
-0.778959
-0.785664
-0.778082
-0.809912
-0.768667
-0.818503
-0.840800
-0.845980
-0.797321
-0.803038
-0.792371
-0.753059
-0.791414
-0.818149
-0.838113
-0.801373
-0.852381
-0.803825
-0.771717
-0.759514
-0.799765
-0.777688
-0.812911
-0.822814
-0.818185
-0.787190
-0.795052
-0.746957
-0.737776
-0.770402
-0.775624
-0.729683
-0.757659
-0.768604
-0.753568
-0.770849
-0.805065
-0.810234
-0.838676
-0.829204
-0.785908
-0.781895
-0.748699
-0.694065
-0.697463
-0.715387
-0.682691
-0.726210
-0.756248
-0.737101
-0.725990
-0.766277
-0.717371
-0.728516
-0.714639
-0.713200
-0.680743
-0.725748
-0.722667
-0.737676
-0.760168
-0.736858
-0.726148
-0.699664
-0.695669
-0.666316
-0.701362
-0.677046
-0.680199
-0.699132
-0.689832
-0.671550
-0.656901
-0.671784
-0.624406
-0.605428
-0.572932
-0.556003
-0.541182
-0.541153
-0.584481
-0.627307
-0.674521
-0.629140
-0.666681
-0.654369
-0.639306
-0.587653
-0.597670
-0.594190
-0.563590
-0.535135
-0.566018
-0.566911
-0.517943
-0.507633
-0.538237
-0.512476
-0.494905
-0.516882
-0.499540
-0.485624
-0.501759
-0.541620
-0.523659
-0.537358
-0.506084
-0.521304
-0.469794
-0.497779
-0.510103
-0.515286
-0.479502
-0.507856
-0.459573
-0.427265
-0.431471
-0.447274
-0.424691
-0.416209
-0.418528
-0.405154
-0.380287
-0.403905
-0.421187
-0.427103
-0.414842
-0.440494
-0.449431
-0.455325
-0.440855
-0.453843
-0.424871
-0.406173
-0.404487
-0.426740
-0.430727
-0.429943
-0.422454
-0.421109
-0.383943
-0.377856
-0.378528
-0.366473
-0.328199
-0.327904
-0.322764
-0.318516
-0.304169
-0.294781
-0.314517
-0.333404
-0.345322
-0.352848
-0.355865
-0.375704
-0.350146
-0.338926
-0.355365
-0.374864
-0.334102
-0.313185
-0.285549
-0.231661
-0.206610
-0.236905
-0.274610
-0.302290
-0.350521
-0.367699
-0.355963
-0.320978
-0.275781
-0.227841
-0.208212
-0.203930
-0.205393
-0.241616
-0.254562
-0.269386
-0.277628
-0.267880
-0.258529
-0.266011
-0.272479
-0.238635
-0.221083
-0.203389
-0.187206
-0.134685
-0.121642
-0.145863
-0.115289
-0.133421
-0.136987
-0.113030
-0.096013
-0.133048
-0.107823
-0.122458
-0.118249
-0.124835
-0.118925
-0.090944
-0.078648
-0.079501
-0.043250
-0.044212
-0.073780
-0.072985
-0.075487
-0.100158
-0.081494
-0.091419
-0.083757
-0.115750
-0.120482
-0.094887
-0.055864
-0.090184
-0.063650
-0.063596
-0.097500
-0.116394
-0.107837
-0.078460
-0.082721
-0.028403
-0.148965
0.108973
