0.147842
-0.107715
0.073502
0.035408
-0.092113
0.150834
-0.117078
0.005319
-0.057333
-0.096982
0.127238
0.120087
-0.080972
0.197511
0.015484
0.007158
0.096888
-0.037688
-0.014982
-0.017113
-0.026118
0.019823
0.221544
0.136593
0.204369
0.169270
0.199718
0.207837
0.030230
0.177568
0.168321
0.090964
0.276080
0.181041
0.236363
0.047900
0.047126
0.211084
0.089969
0.080135
0.188185
0.243367
0.244318
0.334059
0.267941
0.142768
0.287134
0.175710
0.141032
0.159570
0.268984
0.229808
0.212532
0.296117
0.167104
0.148793
0.359324
0.251045
0.222001
0.404001
0.323882
0.157590
0.124498
0.340497
0.375684
0.145993
0.214998
0.429299
0.327121
0.183358
0.311159
0.334319
0.335095
0.320113
0.434297
0.199854
0.431293
0.270317
0.267614
0.277692
0.475707
0.478909
0.293162
0.267270
0.284289
0.457143
0.421883
0.284832
0.467275
0.346452
0.320180
0.309954
0.372959
0.516313
0.339929
0.308845
0.263306
0.448383
0.281555
0.387849
0.424351
0.502254
0.334684
0.398191
0.336646
0.507505
0.305152
0.487368
0.325779
0.412074
0.498154
0.601338
0.565244
0.544373
0.454559
0.433787
0.392887
0.440420
0.585254
0.376301
0.600369
0.615025
0.501131
0.549460
0.388140
0.566424
0.651647
0.555370
0.623778
0.661838
0.404820
0.455556
0.588510
0.638656
0.568673
0.691164
0.613369
0.481640
0.701541
0.454583
0.543795
0.457660
0.635102
0.699455
0.518337
0.552843
0.688880
0.495574
0.702308
0.520575
0.540774
0.733490
0.763014
0.480147
0.686298
0.763099
0.630983
0.544328
0.705520
0.543711
0.602839
0.696612
0.503513
0.518613
0.759099
0.783798
0.519001
0.754980
0.772997
0.616038
0.541118
0.826553
0.719347
0.808025
0.633004
0.797537
0.567347
0.790670
0.657149
0.644358
0.822458
0.829810
0.604076
0.634202
0.674879
0.626776
0.662367
0.711285
0.877542
0.590432
0.806807
0.607908
0.765799
0.733921
0.625797
0.738231
0.633356
0.677990
0.754691
0.886707
0.668926
0.726570
0.730650
0.884542
0.729298
0.736345
0.668104
0.820599
0.745383
0.902408
0.690120
0.842023
0.838078
0.712586
0.815789
0.867224
0.902693
0.764265
0.865154
0.772735
0.964822
0.900488
0.758481
0.706077
0.680346
0.763290
0.773801
0.720889
0.773696
0.976657
0.969490
0.861963
0.837059
0.917322
0.849829
0.918832
0.730115
0.942220
0.964115
0.999846
0.728758
0.872737
0.815542
0.927499
0.894149
0.947691
0.818770
0.823573
0.930279
0.877536
0.900731
0.808948
0.907047
1.024085
0.929198
1.023572
0.822348
0.865059
0.768292
0.901878
0.919684
0.895539
1.024488
1.028511
0.839709
0.822280
1.036266
0.884415
0.853953
0.789615
0.939003
0.867573
0.826690
0.837790
0.780734
1.004896
1.038110
0.898395
0.792686
0.893133
0.953435
0.864635
0.967905
0.977314
1.071828
0.809389
0.979158
0.940187
1.079999
1.082808
1.085513
0.848988
0.979098
0.843500
1.055358
1.004532
0.859619
0.850186
0.922280
0.943837
0.819243
0.912725
0.948732
0.989274
1.058760
1.040359
0.876870
0.850981
0.950545
0.958124
1.019734
1.091326
1.068327
1.011504
0.969178
1.037470
1.032853
0.944256
0.939625
1.053493
0.887999
1.082000
0.883193
1.113269
0.948661
0.840461
0.970558
1.026436
1.118612
0.842692
1.074305
0.938946
1.006940
1.068296
1.072666
0.861271
0.996793
0.957362
1.029651
0.958810
1.114461
0.992709
0.943264
1.013902
1.081282
1.052583
0.953768
0.963113
1.017557
0.874437
0.997745
1.022142
1.134920
1.013062
0.968931
1.144409
0.864166
0.979692
1.056429
0.928839
0.967345
1.064982
0.981109
1.041594
0.931451
1.020825
0.894318
1.000102
0.933231
0.849806
0.866946
0.879340
0.876670
0.926657
1.064001
0.890611
0.867547
0.942373
1.091777
0.970828
1.071164
1.018339
0.940909
1.044268
1.109712
1.113358
0.877287
0.916566
0.927441
0.870746
1.033748
1.117691
1.086560
0.920951
0.946469
1.005733
1.100775
0.908874
0.922581
1.098674
1.008091
0.954299
1.119335
0.911217
0.945671
1.016584
0.873220
0.989539
1.033215
0.837661
0.935995
0.871113
0.974276
0.929662
1.106037
0.975243
1.072567
0.980997
1.060041
1.112274
1.099452
0.892949
0.824234
0.850917
0.827804
0.997062
1.074695
0.988413
1.055878
0.885981
0.841218
0.990303
0.878181
1.039125
0.917318
0.994416
0.836797
0.851424
1.052152
0.957507
0.893948
1.084558
0.838273
0.919345
1.056631
0.874694
1.062652
0.832082
0.933762
0.797678
0.789932
0.902348
1.034242
0.985550
0.907590
1.003037
0.899721
1.022628
0.875033
0.938553
0.938017
0.976741
0.868137
0.785863
1.042798
0.852662
0.922040
0.921770
0.904159
0.926038
0.976939
0.878578
0.749164
0.758478
0.996012
0.964594
0.925256
0.854352
0.900514
0.910431
0.917607
0.851067
0.777442
0.936977
0.839595
0.735213
0.985742
0.956304
0.792165
0.948003
0.760306
0.821054
0.959386
0.933098
0.832122
0.967034
0.978173
0.710014
0.809374
0.885196
0.907731
0.764214
0.779388
0.696665
0.717214
0.657255
0.949122
0.668286
0.743483
0.744735
0.933414
0.892571
0.851870
0.910653
0.735228
0.641970
0.665603
0.916633
0.670445
0.735724
0.782953
0.909812
0.650966
0.816001
0.744409
0.753624
0.724956
0.859384
0.623844
0.673913
0.709445
0.621573
0.740949
0.579171
0.710152
0.591037
0.794504
0.707024
0.803556
0.630882
0.559388
0.568580
0.552448
0.832747
0.771064
0.702280
0.751294
0.737690
0.611925
0.777641
0.612567
0.610174
0.817438
0.760893
0.758789
0.681528
0.714229
0.655457
0.702382
0.747865
0.751906
0.581327
0.606166
0.484591
0.480249
0.577719
0.760087
0.667766
0.740521
0.693439
0.533839
0.575383
0.718783
0.661070
0.690656
0.680543
0.585849
0.575195
0.570046
0.664372
0.587260
0.551410
0.643697
0.490843
0.584221
0.518865
0.565908
0.576435
0.479969
0.591785
0.617656
0.396541
0.479741
0.597930
0.606717
0.401252
0.630440
0.598488
0.589960
0.407625
0.571409
0.580613
0.440107
0.466715
0.567152
0.512089
0.584750
0.328176
0.413533
0.345474
0.434037
0.427680
0.363033
0.448306
0.529985
0.528509
0.407372
0.414180
0.327586
0.325611
0.559334
0.326696
0.499170
0.497898
0.499817
0.510557
0.296052
0.507604
0.264353
0.394300
0.309925
0.303682
0.504122
0.342218
0.498573
0.381210
0.241145
0.434582
0.452802
0.377808
0.383256
0.298321
0.204763
0.415633
0.475191
0.276460
0.386195
0.381617
0.265446
0.269787
0.169570
0.392631
0.255725
0.403012
0.333161
0.158516
0.145443
0.130709
0.219080
0.187969
0.115920
0.135662
0.326036
0.388415
0.176352
0.240003
0.092398
0.163011
0.079871
0.179595
0.254193
0.071889
0.171299
0.143089
0.284002
0.335339
0.285247
0.257275
0.307710
0.316220
0.034193
0.245519
0.135242
0.171704
0.297013
0.194880
0.261143
0.192041
0.107173
0.224855
0.213005
0.100449
0.158079
0.089638
0.032923
0.098486
-0.044574
0.248002
-0.014620
-0.046063
0.003754
0.176742
0.187811
0.022380
-0.047375
-0.013138
0.093486
-0.044928
0.107569
-0.097151
0.170599
0.007837
-0.020385
0.103948
0.116049
-0.079737
0.123985
-0.081252
0.154675
-0.033745
0.094551
-0.003851
0.037964
0.094154
0.079927
-0.057323
-0.147827
0.075275
0.053305
0.084115
-0.113345
-0.078712
-0.062901
-0.093419
-0.154038
-0.110830
0.005616
-0.204962
-0.127880
-0.198832
-0.067078
-0.103260
-0.167018
-0.074450
-0.228485
-0.182370
-0.075338
-0.191668
-0.139808
-0.218576
-0.054096
-0.268973
-0.202710
-0.151683
-0.195529
-0.024468
-0.015700
-0.087723
-0.194922
-0.128811
-0.158242
-0.323881
-0.271174
-0.162086
-0.248835
-0.138337
-0.113642
-0.268510
-0.198218
-0.306343
-0.273665
-0.186940
-0.272597
-0.090055
-0.212737
-0.312347
-0.108924
-0.239716
-0.105872
-0.169881
-0.113228
-0.125604
-0.268238
-0.158793
-0.295993
-0.193623
-0.204388
-0.307880
-0.433838
-0.313869
-0.187664
-0.321530
-0.407684
-0.307994
-0.337103
-0.343838
-0.434558
-0.381467
-0.193228
-0.216829
-0.412305
-0.388307
-0.353673
-0.244224
-0.407380
-0.259145
-0.281851
-0.471316
-0.374486
-0.351462
-0.315327
-0.529666
-0.494104
-0.359213
-0.421577
-0.459151
-0.447269
-0.277749
-0.295002
-0.416703
-0.311120
-0.391313
-0.366526
-0.319291
-0.429189
-0.468640
-0.452103
-0.579759
-0.337113
-0.447713
-0.502004
-0.571507
-0.517398
-0.403638
-0.534849
-0.550577
-0.550620
-0.495129
-0.551509
-0.624531
-0.516245
-0.404423
-0.479684
-0.392852
-0.397676
-0.578934
-0.473583
-0.534874
-0.450893
-0.670938
-0.663580
-0.453039
-0.635636
-0.682404
-0.422195
-0.509739
-0.532756
-0.581438
-0.574850
-0.514468
-0.517449
-0.553145
-0.715453
-0.701615
-0.733766
-0.665988
-0.573260
-0.614916
-0.559249
-0.622560
-0.477510
-0.470921
-0.627883
-0.571578
-0.714925
-0.528459
-0.741171
-0.601728
-0.655621
-0.533010
-0.765929
-0.726004
-0.538352
-0.651841
-0.538335
-0.512675
-0.590382
-0.677886
-0.714432
-0.625836
-0.582734
-0.610495
-0.696661
-0.807728
-0.784640
-0.794369
-0.834713
-0.631214
-0.682119
-0.706132
-0.720156
-0.836573
-0.808785
-0.778227
-0.838664
-0.749237
-0.609670
-0.717081
-0.737584
-0.777816
-0.805572
-0.659288
-0.824043
-0.831697
-0.813423
-0.698613
-0.640039
-0.792698
-0.823697
-0.787411
-0.749912
-0.821990
-0.885676
-0.807288
-0.651003
-0.814093
-0.855381
-0.790905
-0.907348
-0.649553
-0.769367
-0.919426
-0.889202
-0.859041
-0.934765
-0.823313
-0.854756
-0.734140
-0.680149
-0.777817
-0.922584
-0.754602
-0.783123
-0.676643
-0.930011
-0.827782
-0.975747
-0.865143
-0.940078
-0.710266
-0.913025
-0.944651
-0.997644
-0.995633
-0.825406
-0.860421
-0.888104
-0.944294
-0.902540
-0.753376
-0.949422
-0.991388
-0.948547
-0.936259
-0.865389
-0.798830
-0.821777
-0.817457
-0.820397
-0.898899
-0.998280
-0.896139
-1.000128
-1.029451
-0.970619
-1.019555
-1.024450
-0.922394
-0.845732
-0.786136
-0.808305
-0.925000
-1.009973
-0.857390
-0.892407
-0.856924
-0.995178
-0.991017
-0.989810
-0.832181
-0.974725
-0.823728
-0.800236
-0.946411
-0.823744
-1.046828
-0.973355
-0.975884
-1.046917
-0.879059
-1.032721
-0.809761
-0.862820
-0.952631
-0.875781
-0.920503
-0.930191
-0.830484
-0.984337
-0.971533
-0.812772
-1.100948
-1.049086
-0.873429
-0.933247
-0.989915
-0.948921
-0.879592
-1.098893
-0.901145
-1.094273
-1.086179
-0.983604
-0.889741
-1.090762
-1.050605
-0.840000
-1.099561
-1.012345
-1.019631
-0.857081
-0.847128
-1.126588
-1.076497
-0.909043
-0.870925
-1.003240
-0.871821
-1.118328
-1.032643
-1.085024
-1.102294
-1.065071
-0.853941
-0.989085
-0.968411
-0.851507
-1.048504
-0.990886
-0.941947
-0.850728
-1.000755
-1.092992
-1.133377
-0.886059
-0.919296
-1.024911
-1.007560
-0.913978
-1.093678
-1.101866
-1.084749
-1.011638
-1.064195
-1.097262
-1.033458
-1.089311
-1.112192
-1.003775
-1.096990
-1.085004
-0.945784
-1.124822
-0.951203
-0.924273
-1.013715
-0.984414
-0.956830
-1.105014
-0.864601
-1.085323
-1.024251
-0.998206
-1.027085
-0.974345
-1.106062
-1.128457
-1.125147
-0.946028
-1.021033
-1.124560
-1.082839
-1.095166
-1.144275
-0.958123
-1.110885
-0.854483
-1.060756
-1.000732
-0.882281
-0.863876
-1.041218
-1.028849
-0.898923
-0.950506
-1.143781
-0.937330
-0.901935
-1.020958
-0.881616
-1.132927
-0.922135
-0.925729
-1.048728
-1.137324
-0.866138
-1.099361
-0.960364
-1.097138
-1.040327
-0.869791
-0.965870
-1.092739
-0.872165
-0.900346
-0.889043
-1.038438
-0.913144
-0.956865
-1.100038
-1.073050
-1.065942
-0.846069
-0.916067
-1.072381
-0.881599
-1.107139
-1.108929
-0.827626
-1.073415
-1.055437
-0.887367
-0.907868
-1.041113
-0.828867
-0.980050
-0.917539
-0.912857
-1.073110
-1.086599
-1.094166
-0.966045
-0.983943
-1.032112
-0.858420
-1.036612
-1.030793
-1.024829
-0.937040
-1.068528
-0.801719
-0.865261
-0.869291
-0.879660
-0.843297
-0.934777
-0.886049
-1.041392
-0.920589
-0.869271
-0.882579
-1.005289
-0.934264
-0.851939
-0.936121
-1.001171
-0.915079
-0.801728
-0.987173
-0.921904
-0.759886
-0.893375
-1.046023
-0.934137
-0.873421
-0.894849
-0.961445
-0.973841
-0.742805
-0.842713
-0.786998
-0.857206
-0.743108
-0.933707
-0.962744
-0.901457
-0.926805
-0.731587
-0.996637
-0.891334
-0.993586
-0.883348
-0.746864
-0.921101
-0.711395
-0.791021
-0.786222
-0.712341
-0.816768
-0.975092
-0.879145
-0.957533
-0.789166
-0.949261
-0.822251
-0.859901
-0.830627
-0.723392
-0.862250
-0.753206
-0.869315
-0.943567
-0.930460
-0.911670
-0.808227
-0.835261
-0.913820
-0.805792
-0.741768
-0.685083
-0.857533
-0.924103
-0.712377
-0.859653
-0.894952
-0.630066
-0.699216
-0.647324
-0.628034
-0.791562
-0.681887
-0.906908
-0.701133
-0.642222
-0.893210
-0.838240
-0.623628
-0.829494
-0.645285
-0.787707
-0.792205
-0.748514
-0.637297
-0.814710
-0.810846
-0.770920
-0.608571
-0.721748
-0.758486
-0.646807
-0.712852
-0.704793
-0.665760
-0.602944
-0.577212
-0.607416
-0.550629
-0.828503
-0.544755
-0.653602
-0.680836
-0.592134
-0.660683
-0.613105
-0.571144
-0.724495
-0.572033
-0.611771
-0.602254
-0.518786
-0.753841
-0.523397
-0.740465
-0.613876
-0.778286
-0.772182
-0.610192
-0.645852
-0.666933
-0.680194
-0.570390
-0.672894
-0.509067
-0.514666
-0.630321
-0.549146
-0.679634
-0.557674
-0.719938
-0.524077
-0.675806
-0.459311
-0.629731
-0.577216
-0.570869
-0.439062
-0.664755
-0.452183
-0.517640
-0.507759
-0.613457
-0.499432
-0.513832
-0.389166
-0.477299
-0.421222
-0.433256
-0.545134
-0.508844
-0.357775
-0.380191
-0.606885
-0.440239
-0.514627
-0.442047
-0.442274
-0.382663
-0.551010
-0.321370
-0.528565
-0.541357
-0.520543
-0.502976
-0.587902
-0.539946
-0.438580
-0.503932
-0.501786
-0.562994
-0.474241
-0.424667
-0.385166
-0.340684
-0.347624
-0.483159
-0.375825
-0.402918
-0.498729
-0.469002
-0.459569
-0.527517
-0.528268
-0.386450
-0.238652
-0.262727
-0.290792
-0.491259
-0.478625
-0.225105
-0.279502
-0.315050
-0.448999
-0.405698
-0.188096
-0.380283
-0.179073
-0.220656
-0.224538
-0.309395
-0.221968
-0.423652
-0.321471
-0.321179
-0.341962
-0.291673
-0.421269
-0.266333
-0.172922
-0.233572
-0.320882
-0.231425
-0.177856
-0.313416
-0.223320
-0.144346
-0.291508
-0.136481
-0.294822
-0.337527
-0.079252
-0.087435
-0.306159
-0.159190
-0.123284
-0.318000
-0.070302
-0.192979
-0.099043
-0.120984
-0.098912
-0.299041
-0.070369
-0.042683
-0.034462
-0.187488
-0.049448
-0.092141
-0.076939
-0.094287
-0.168992
-0.174947
0.011501
-0.124987
-0.241161
-0.075471
-0.065960
-0.209679
0.015578
-0.080323
-0.120922
-0.115530
-0.196212
-0.091342
-0.203761
-0.074184
-0.043970
-0.162109
-0.029284
0.052243
-0.024658
0.057015
-0.097804
-0.140444
-0.091677
0.099319
-0.149746
0.045790
0.132755
-0.024658
-0.074193
